  -2.0000000000000000                1  0.99932929973906715       0.99932929973906703       0.99932929973906703     
  -1.9798994974874371                2 -0.40016828393849846        1.0038616873843691       0.96479665268282566     
  -1.9597989949748744                2 -0.34016557219520782        1.0082589277639278       0.93534836691547252     
  -1.9396984924623115                2 -0.28142916657294692        1.0124939788145830       0.91056064398648662     
  -1.9195979899497488                2 -0.22395906707171620        1.0165407080817541       0.89002960755629401     
  -1.8994974874371859                2 -0.16775527369151350        1.0203738927194486       0.87337077068296642     
  -1.8793969849246230                2 -0.11281778643234187        1.0239692194902552       0.86021850965230662     
  -1.8592964824120604                2  -5.9146605294199912E-002   1.0273032847653467       0.85022554435135345     
  -1.8391959798994975                2  -6.7417302770865191E-003   1.0303535945244815       0.84306242518529384     
  -1.8190954773869348                2   4.4396838618995259E-002   1.0330985643560009       0.83841702653777384     
  -1.7989949748743719                2   9.4269101394049024E-002   1.0355175194568293       0.83599404677462685     
  -1.7788944723618090                2  0.14287505804807171        1.0375906946324762       0.83551451479100469     
  -1.7587939698492463                2  0.19021470858106559        1.0392992342970337       0.83671530310191566     
  -1.7386934673366834                2  0.23628805299302977        1.0406251924731795       0.83934864747617188     
  -1.7185929648241207                2  0.28109509128396315        1.0415515327921736       0.84318167311374148     
  -1.6984924623115578                2  0.32463582345386854        1.0420621284938616       0.84799592736651452     
  -1.6783919597989949                2  0.36691024950274348        1.0421417624266709       0.85358691900246375     
  -1.6582914572864322                2  0.40791836943058812        1.0417761270476145       0.85976366401322935     
  -1.6381909547738693                2  0.44766018323740381        1.0409518244222882       0.86634823796509519     
  -1.6180904522613067                2  0.48613569092318909        1.0396563662248719       0.87317533489338395     
  -1.5979899497487438                2  0.52334489248794513        1.0378781737381311       0.88009183274025871     
  -1.5778894472361809                2  0.55928778793167189        1.0356065778534123       0.88695636533591926     
  -1.5577889447236180                2  0.59396437725436857        1.0328318190706478       0.89363890092322429     
  -1.5376884422110553                2  0.62737466045603496        1.0295450474983532       0.90002032722570724     
  -1.5175879396984926                2  0.65951863753667261        1.0257383228536285       0.90599204305900716     
  -1.4974874371859297                2  0.69039630849627986        1.0214046144621569       0.91145555648570231     
  -1.4773869346733668                2  0.72000767333485793        1.0165378012582056       0.91632208951355421     
  -1.4572864321608039                2  0.74835273205240604        1.0111326717846267       0.92051218933715873     
  -1.4371859296482412                2  0.77543148464892442        1.0051849241928543       0.92395534612300068     
  -1.4170854271356785                2  0.80124393112441306       0.99869116624290810       0.92658961733792333     
  -1.3969849246231156                2  0.82579007147887185       0.99164891530339161       0.92836125862099905     
  -1.3768844221105527                2  0.84906990571230134       0.98405659835149029       0.92922436119880769     
  -1.3567839195979898                2  0.87108343382470066       0.97591355197297602       0.92914049584412872     
  -1.3366834170854272                2  0.89183065581607057       0.96722002236220361       0.92807836337803229     
  -1.3165829145728645                2  0.91131157168641042       0.95797716532211097       0.92601345171538063     
  -1.2964824120603016                2  0.92952618143572086       0.94818704626422068       0.92292769945374387     
  -1.2763819095477387                2  0.94647448506400167       0.93785264020863901       0.91880916600571083     
  -1.2562814070351758                2  0.96215648257125286       0.92697783178405624       0.91365170827461684     
  -1.2361809045226131                2  0.97657217395747431       0.91556741522774709       0.90745466387367646     
  -1.2160804020100504                2  0.98972155922266569       0.90362709438556887       0.90022254088852072     
  -1.1959798994974875                3  0.91396879883467963        1.0086178652863438       0.89196471418314527     
  -1.1758793969849246                3  0.92372770397884019        1.0512476829576294       0.88269512824926499     
  -1.1557788944723617                3  0.93295444329950861        1.0877619086818173       0.87243200659907638     
  -1.1356783919597990                3  0.94164901679668511        1.1184800220189381       0.86119756770142464     
  -1.1155778894472361                3  0.94981142447036970        1.1437143282944793       0.84901774746138237     
  -1.0954773869346734                3  0.95744166632056171        1.1637699585993857       0.83592192824323319     
  -1.0753768844221105                3  0.96453974234726225        1.1789448697900589       0.82194267443686209     
  -1.0552763819095476                3  0.97110565255047132        1.1895298444883575       0.80711547456755672     
  -1.0351758793969850                3  0.97713939693018781        1.1958084910815967       0.79147848994921133     
  -1.0150753768844221                3  0.98264097548641260        1.1980572437225496       0.77507230988094200     
 -0.99497487437185939                3  0.98761038821914504        1.1965453623294453       0.75793971338710719     
 -0.97487437185929648                3  0.99204763512838601        1.1915349325859710       0.74012543750073634     
 -0.95477386934673358                3  0.99595271621413439        1.1832808659412704       0.72167595209036783     
 -0.93467336683417090                3  0.99932563147639153        1.1720308996099440       0.70263924123028931     
 -0.91457286432160800                3   1.0021663809151571        1.1580255965720492       0.68306459111419071     
 -0.89447236180904532                3   1.0044749645304298        1.1414983455731014       0.66300238451222249     
 -0.87437185929648242                3   1.0062513823222106        1.1226753611240723       0.64250390177146033     
 -0.85427135678391952                3   1.0074956342904995        1.1017756835013897       0.62162112835977990     
 -0.83417085427135684                3   1.0082077204352968        1.0790111787469407       0.60040656895313638     
 -0.81407035175879394                3   1.0083876407566019        1.0545865386680675       0.57891306806625253     
 -0.79396984924623126                3   1.0080353952544152        1.0286992808375703       0.55719363722671500     
 -0.77386934673366836                3   1.0071509839287367        1.0015397485937054       0.53530128869247584     
 -0.75376884422110546                3   1.0057344067795659       0.97329111104018717       0.51328887571276460     
 -0.73366834170854278                3   1.0037856638069034       0.94412936304618689       0.49120893933240495     
 -0.71356783919597988                3   1.0013047550107486       0.91422332524633132       0.46911356173953972     
 -0.69346733668341698                4  0.69641987874163669       0.99856151014436434       0.88044407071560671     
 -0.67336683417085430                4  0.72577798063428522       0.99577631945291922       0.84048299862585019     
 -0.65326633165829140                4  0.75386977649123588       0.99234904687647885       0.80187736014760203     
 -0.63316582914572872                4  0.78069526631248720       0.98827548042963387       0.76475356037563080     
 -0.61306532663316582                4  0.80625445009804009       0.98355248501608927       0.72920841074709986     
 -0.59296482412060292                4  0.83054732784789442       0.97817800242866548       0.69531147176891694     
 -0.57286432160804024                4  0.85357389956204932       0.97215105134929813       0.66310732466853850     
 -0.55276381909547734                4  0.87533416524050633       0.96547172734903897       0.63261777196823932     
 -0.53266331658291466                4  0.89582812488326413       0.95814120288805338       0.60384396698284393     
 -0.51256281407035176                4  0.91505577849032349       0.95016172731562432       0.57676847224091599     
 -0.49246231155778886                4  0.93301712606168397       0.94153662687014839       0.55135724682941234     
 -0.47236180904522618                4  0.94971216759734589       0.93227030467913830       0.52756156266179710     
 -0.45226130653266328                4  0.96514090309730882       0.92236824075922164       0.50531984966961641     
 -0.43216080402010060                4  0.97930333256157298       0.91183699201614155       0.48455946991753579     
 -0.41206030150753770                4  0.99219945599013892       0.90068419224475671       0.46519842064183720     
 -0.39195979899497480                5  0.44992852757630952        1.0150511135555629       0.88956126677767844     
 -0.37185929648241212                5  0.48996725978137851        1.0506383659315244       0.87873803010756801     
 -0.35175879396984921                5  0.52850726522460278        1.0811174055032868       0.86721374854582978     
 -0.33165829145728654                5  0.56554854390598386        1.1067365530531641       0.85497816563575180     
 -0.31155778894472363                5  0.60109109582552189        1.1277389957049011       0.84202692075865027     
 -0.29145728643216073                5  0.63513492098321622        1.1443627869236714       0.82836120730725460     
 -0.27135678391959805                5  0.66768001937906696        1.1568408465160802       0.81398743783177285     
 -0.25125628140703515                5  0.69872639101307321        1.1654009606301623       0.79891691615864668     
 -0.23115577889447225                5  0.72827403588523643        1.1702657817553814       0.78316551648198762     
 -0.21105527638190957                5  0.75632295399555582        1.1716528287226331       0.76675336942769612     
 -0.19095477386934667                5  0.78287314534403207        1.1697744867042414       0.74970455509026834     
 -0.17085427135678399                5  0.80792460993066439        1.1648380072139619       0.73204680304228309     
 -0.15075376884422109                5  0.83147734775545223        1.1570455081069793       0.71381119931657788     
 -0.13065326633165819                5  0.85353135881839792        1.1465939735799082       0.69503190036110496     
 -0.11055276381909551                5  0.87408664311949913        1.1336752541707948       0.67574585396647224     
  -9.0452261306532611E-002           5  0.89314320065875663        1.1184760667591129       0.65599252716617040     
  -7.0351758793969932E-002           5  0.91070103143617054        1.1011779945657687       0.63581364110948280     
  -5.0251256281407031E-002           5  0.92676013545174107        1.0819574871530970       0.61525291290707917     
  -3.0150753768844130E-002           5  0.94132051270546768        1.0609858604248632       0.59435580444929415     
  -1.0050251256281451E-002           5  0.95438216319735092        1.0384292966262634       0.57316927819709107     
   1.0050251256281229E-002           6  0.95944673203358966       0.85311135708464780       0.51409967770744536     
   3.0150753768844130E-002           6  0.96639845894508047       0.89590708349149928       0.62399469418861653     
   5.0251256281407031E-002           6  0.97281802016037922       0.93262183917820984       0.71991614766694378     
   7.0351758793969932E-002           6  0.97870541567948555       0.96356802849217593       0.80119592317034793     
   9.0452261306532833E-002           6  0.98406064550240047       0.98905152577180067       0.86748691329364080     
  0.11055276381909529                6  0.98888370962912309        1.0093716753464985       0.91873236302757688     
  0.13065326633165819                6  0.99317460805965385        1.0248212915366921       0.95513623687704641     
  0.15075376884422109                6  0.99693334079399198        1.0356866586538132       0.97713460826839316     
  0.17085427135678399                6   1.0001599078321388        1.0422475310003014       0.98536807124588566     
  0.19095477386934689                6   1.0028543091740934        1.0447771328696065       0.98065517445731898     
  0.21105527638190935                6   1.0050165448198560        1.0435421585461870       0.96396687742875242     
  0.23115577889447225                6   1.0066466147694269        1.0388027723055102       0.93640202912838932     
  0.25125628140703515                6   1.0077445190228056        1.0308126084140519       0.89916386881959331     
  0.27135678391959805                6   1.0083102575799923        1.0198187711292983       0.85353754920304215     
  0.29145728643216096                6   1.0083438304409866        1.0060618346997430       0.80086868184802018     
  0.31155778894472341                6   1.0078452376057891       0.98977584336488955       0.74254290491284713     
  0.33165829145728631                6   1.0068144790743998       0.97118831135524952       0.67996647315444192     
  0.35175879396984921                6   1.0052515548468184       0.95052022289234472       0.61454787022703994     
  0.37185929648241212                6   1.0031564649230451       0.92798603218870446       0.54768044327002119     
  0.39195979899497502                6   1.0005292093030795       0.90379366344786871       0.48072605978490396     
  0.41206030150753747                7   1.0011562848130189        1.0038550201314467       0.41499978680146005     
  0.43216080402010038                7   1.0024288761527373        1.0092110612099630       0.35175559233296266     
  0.45226130653266328                7   1.0034913167033574        1.0119799371631804       0.29217306912060209     
  0.47236180904522618                7   1.0043436064648774        1.0123267347913827       0.23734518066699334     
  0.49246231155778908                7   1.0049857454372988        1.0104123131591756       0.18826702955887073     
  0.51256281407035198                7   1.0054177336206211        1.0063933035954855       0.14582564807887954     
  0.53266331658291444                7   1.0056395710148438        1.0004221096935606       0.11079081110653077     
  0.55276381909547734                7   1.0056512576199677       0.99264690731096916        8.3806871308279393E-002
  0.57286432160804024                7   1.0054527934359920       0.98321164456960253        6.5385616616754128E-002
  0.59296482412060314                7   1.0050441784629172       0.97225604185567172        5.5900149999113885E-002
  0.61306532663316604                7   1.0044254127007435       0.95991559181971042        5.5579791514545944E-002
  0.63316582914572850                7   1.0035964961494699       0.94632155937657259        6.4506002660898135E-002
  0.65326633165829140                7   1.0025574288090977       0.93160098170543360        8.2609333010461014E-002
  0.67336683417085430                7   1.0013082106796265       0.91587666824979030       0.10966738913487449     
  0.69346733668341720                7  0.99984884176105582       0.89926720071746113       0.14530382581917284     
  0.71356783919598010                8  0.88011534714374995       0.88188693308058519       0.18898835956498475     
  0.73366834170854256                8  0.88778938580240685       0.86384599157562481       0.24003780438284161     
  0.75376884422110546                8  0.89522654148930958       0.84525027470335978       0.29761812987366254     
  0.77386934673366836                8  0.90242681420445836       0.82620145322889393       0.36074754159933498     
  0.79396984924623126                8  0.90939020394785297       0.80679697018165264       0.42830058374246133     
  0.81407035175879416                8  0.91611671071949308       0.78713004085538096       0.49901326405524132     
  0.83417085427135662                8  0.92260633451937901       0.76728965280814732       0.57148920109748080     
  0.85427135678391952                8  0.92885907534751055       0.74736056586233890       0.64420679376374557     
  0.87437185929648242                8  0.93487493320388815       0.72742331210466582       0.71552741309965018     
  0.89447236180904532                8  0.94065390808851168       0.70755419588615887       0.78370461640729128     
  0.91457286432160823                8  0.94619600000138104       0.68782529382217161       0.84689438363980973     
  0.93467336683417068                8  0.95150120894249590       0.66830445479237677       0.90316637608509776     
  0.95477386934673358                8  0.95656953491185681       0.64905529994076860       0.95051621733863645     
  0.97487437185929648                8  0.96140097790946344       0.63013722267566408       0.98687879656548294     
  0.99497487437185939                8  0.96599553793531590       0.61160538866970104        1.0101425940513811     
   1.0150753768844223                8  0.97035321498941407       0.59351073585983705        1.0181650290430226     
   1.0351758793969847                8  0.97447400907175796       0.57589997444735397        1.0087888298774383     
   1.0552763819095476                8  0.97835792018234791       0.55881558689785094       0.97985942640052937     
   1.0753768844221105                8  0.98200494832118346       0.54229582794125220       0.92924336467473589     
   1.0954773869346734                8  0.98541509348826495       0.52637472457180146       0.85484774397585095     
   1.1155778894472363                8  0.98858835568359194       0.51108207604806266       0.75464067607895402     
   1.1356783919597988                8  0.99152473490716475       0.49644345389292466       0.62667276683351025     
   1.1557788944723617                8  0.99422423115898373       0.48248020189359264       0.46909962002756989     
   1.1758793969849246                8  0.99668684443904842       0.46920943610159782       0.28020536354114567     
   1.1959798994974875                8  0.99891257474735895       0.45664404483278909        5.8427197788705448E-002
   1.2160804020100504                9   1.0009014220839150       0.44479268866733890      -0.19761903354919846     
   1.2361809045226129                9   1.0026533864487166       0.43365980044973990      -0.48911225050514628     
   1.2562814070351758                9   1.0041684678417648       0.42324558528880679      -0.81699852151496688     
   1.2763819095477387                9   1.0054466662630583       0.41354602055767464       -1.1819624258186510     
   1.2964824120603016                9   1.0064879817125976       0.40455285589379980       -1.5843973935721918     
   1.3165829145728645                9   1.0072924141903825       0.39625361319896057       -2.0243750236702507     
   1.3366834170854269                9   1.0078599636964136       0.38863158663925745       -2.5016133792796897     
   1.3567839195979898                9   1.0081906302306904       0.38166584264510961       -3.0154442610840113     
   1.3768844221105527                9   1.0082844137932130       0.37533121991126006       -3.5647794582385517     
   1.3969849246231156                9   1.0081413143839812       0.36959832939677117       -4.1480759770366635     
   1.4170854271356785                9   1.0077613320029954       0.36443355432502894       -4.7633002472866721     
   1.4371859296482410                9   1.0071444666502551       0.35979905018373737       -5.4078913063997227     
   1.4572864321608039                9   1.0062907183257610       0.35565274472492470       -6.0787229611885492     
   1.4773869346733668                9   1.0052000870295128       0.35194833796493863       -6.7720649273769462     
   1.4974874371859297                9   1.0038725727615101       0.34863530218444960       -7.4835429468202719     
   1.5175879396984926                9   1.0023081755217533       0.34565888192844851       -8.2080978824367481     
   1.5376884422110555                9   1.0005068953102421       0.34296009400624672       -8.9399437908495720     
   1.5577889447236180                9  0.99846873212697684       0.34047572749147892       -9.6725249727399856     
   1.5778894472361809                9  0.99619368597195745       0.33813834372209900       -10.398472000911161     
   1.5979899497487438                9  0.99368175684518378       0.33587627630038386       -11.109556726062886     
   1.6180904522613067                9  0.99093294474665594       0.33361363109293024       -11.796646260277219     
   1.6381909547738696                9  0.98794724967637371       0.33127028623065807       -12.449655938214983     
   1.6582914572864320                9  0.98472467163433774       0.32876189210880552       -13.057501256023006     
   1.6783919597989949                9  0.98126521062054706       0.32599987138693509       -13.608048787952461     
   1.6984924623115578                9  0.97756886663500231       0.32289141898892909       -14.088066080687744     
   1.7185929648241207                9  0.97363563967770317       0.31933950210299072       -14.483170525386541     
   1.7386934673366836                9  0.96946552974865041       0.31524286018164671       -14.777777207430509     
   1.7587939698492461                9  0.96505853684784315       0.31049600494174195       -14.955045733887012     
   1.7788944723618090                9  0.96041466097528150       0.30498922036444476       -14.996826038681537     
   1.7989949748743719                9  0.95553390213096590       0.29860856269524466       -14.883603165481095     
   1.8190954773869348                9  0.95041626031489601       0.29123586044395083       -14.594441028288445     
   1.8391959798994977                9  0.94506173552707173       0.28274871438469601       -14.106925149747264     
   1.8592964824120601                9  0.93947032776749340       0.27302049755593222       -13.397104377157937     
   1.8793969849246230                9  0.93364203703616111       0.26192035526043372       -12.439431576204464     
   1.8994974874371859                9  0.92757686333307454       0.24931320506529608       -11.206703302392192     
   1.9195979899497488                9  0.92127480665823358       0.23505973680193595       -9.6699984501963527     
   1.9396984924623117                9  0.91473586701163834       0.21901641256609222       -7.7986158799211331     
   1.9597989949748742                9  0.90796004439328915       0.20103546671782341       -5.5600110222706967     
   1.9798994974874371                9  0.90094733880318545       0.18096490588150954       -2.9197314606293454     
   2.0000000000000000                9  0.89369775024132780       0.15864850894585364       0.15864850894586002     
