           0  0.501952469       0.00000000    
           1  0.501801312       4.65695837E-09
           2  0.501347840       4.65662211E-08
           3  0.500592411       5.21544692E-08
           4  0.499535412       1.11759171E-08
           5  0.498177558       1.49015520E-08
           6  0.496519506       5.96047798E-08
           7  0.494562477       6.33303543E-08
           8  0.492307514       3.72564202E-09
           9  0.489756048       7.45121653E-09
          10  0.486909509       4.84290652E-08
          11  0.483769715       5.21548102E-08
          12  0.480338454       1.49014596E-08
          13  0.476617873       2.23524452E-08
          14  0.472610176       5.96050072E-08
          15  0.468317926       5.96051137E-08
          16  0.463743538       4.47034978E-08
          17  0.458889782       5.21544194E-08
          18  0.453759611       8.94070951E-08
          19  0.448356122       8.94072016E-08
          20  0.442682564       5.21540677E-08
          21  0.436742336       5.21542951E-08
          22  0.430539042       8.94068535E-08
          23  0.424076468       8.94069530E-08
          24  0.417358398       4.47033770E-08
          25  0.410388976       4.47037181E-08
          26  0.403172344       5.96046448E-08
          27  0.395712942       8.94071874E-08
          28  0.388015032       5.96044032E-08
          29  0.380083501       4.47033557E-08
          30  0.371923029       5.96046306E-08
          31  0.363538563       7.45056710E-08
          32  0.354935020      -0.00000000    
          33  0.346117735      -1.25258934E-13
          34  0.337091982       4.47033521E-08
          35  0.327863276       2.98021803E-08
          36  0.318437010      -1.60457937E-13
          37  0.308818936       1.49009898E-08
          38  0.299014866       2.98021448E-08
          39  0.289030731       4.47030715E-08
          40  0.278872460      -2.98026173E-08
          41  0.268546224      -1.49015769E-08
          42  0.258058280      -3.05622877E-13
          43  0.247414917       1.49006221E-08
          44  0.236622483      -5.52263042E-13
          45  0.225687534      -6.79155679E-13
          46  0.214616671       1.49005892E-08
          47  0.203416556       1.49003627E-08
          48  0.192093909      -1.20405232E-13
          49  0.180655584       1.49009223E-08
          50  0.169108465       2.98020790E-08
          51  0.157459468       2.98017397E-08
          52  0.145715624      -1.30363697E-13
          53  0.133884028      -3.61379194E-13
          54  0.121971861      -3.04288631E-13
          55  0.109986186       1.49005803E-08
          56   9.79342163E-02  -4.87693382E-13
          57   8.58233273E-02  -8.31181098E-13
          58   7.36608207E-02  -2.98029228E-08
          59   6.14539087E-02  -1.49019819E-08
          60   4.92099114E-02  -2.98029121E-08
          61   3.69363725E-02  -7.62908345E-13
          62   2.46406328E-02  -5.96054051E-08
          63   1.23300422E-02  -9.23153372E-13
          64   1.19117012E-05  -0.00000000    
          65  -1.23061026E-02  -5.38774136E-10
          66  -2.46166531E-02  -1.07662845E-09
          67  -3.69123966E-02  -1.61440428E-09
          68  -4.91859429E-02  -2.15051976E-09
          69  -6.14297949E-02  -2.68605449E-09
          70  -7.36365914E-02  -1.81205380E-08
          71  -8.57990608E-02  -3.75130105E-09
          72  -9.79098976E-02  -1.91818010E-08
          73 -0.109961681      -1.97088870E-08
          74 -0.121947169      -3.51336169E-08
          75 -0.133859232      -3.56547680E-08
          76 -0.145690680      -3.61714783E-08
          77 -0.157434344      -2.17840430E-08
          78 -0.169083104      -5.20952099E-08
          79 -0.180630028      -3.76989071E-08
          80 -0.192068204      -3.81984364E-08
          81 -0.203390628      -3.86937025E-08
          82 -0.214590445      -5.40842038E-08
          83 -0.225661099      -5.45682433E-08
          84 -0.236595839      -5.50459944E-08
          85 -0.247387961      -5.55179653E-08
          86 -0.258031040      -8.57851816E-08
          87 -0.268518716      -7.13425834E-08
          88 -0.278844684      -5.68926559E-08
          89 -0.289002657      -7.22381870E-08
          90 -0.298986495      -8.75755433E-08
          91 -0.308790267      -1.02905481E-07
          92 -0.318407983      -1.03325441E-07
          93 -0.327833921      -8.88364227E-08
          94 -0.337062359      -1.33943416E-07
          95 -0.346087754      -1.04535509E-07
          96 -0.354904741      -1.55140398E-08
          97 -0.363507897      -1.58899862E-08
          98 -0.371892005      -6.09599553E-08
          99 -0.380052179      -4.64154866E-08
         100 -0.387983412      -1.69598593E-08
         101 -0.395680845      -3.21974909E-08
         102 -0.403139979      -7.72270212E-08
         103 -0.410356313      -6.26410710E-08
         104 -0.417325467      -1.82423214E-08
         105 -0.424043179      -3.34370078E-08
         106 -0.430505425      -7.84230778E-08
         107 -0.436708361      -6.37928252E-08
         108 -0.442648292      -4.17007406E-08
         109 -0.448321551      -4.93991976E-08
         110 -0.453724682      -9.43389793E-08
         111 -0.458854586      -7.22112361E-08
         112 -0.463708133      -7.98746527E-08
         113 -0.468282282      -7.26238980E-08
         114 -0.472574323      -1.10064420E-07
         115 -0.476581722      -1.10239235E-07
         116 -0.480302095      -8.80505695E-08
         117 -0.483733088      -8.82003093E-08
         118 -0.486872643      -1.40491679E-07
         119 -0.489719033      -1.25714635E-07
         120 -0.492270380      -8.11227991E-08
         121 -0.494525224      -1.03572766E-07
         122 -0.496482104      -1.26010278E-07
         123 -0.498139977      -1.63335400E-07
         124 -0.499497771      -1.26142069E-07
         125 -0.500554681      -1.03836364E-07
         126 -0.501310050      -1.48572866E-07
         127 -0.501763523      -1.33691330E-07
         128 -0.501914680      -0.00000000    
         129 -0.501763523      -4.65626737E-09
         130 -0.501310050      -4.65660364E-08
         131 -0.500554740      -5.21536592E-08
         132 -0.499497801      -1.11758247E-08
         133 -0.498140007      -1.49007704E-08
         134 -0.496482074      -5.96045098E-08
         135 -0.494525224      -6.33295159E-08
         136 -0.492270380      -3.72493858E-09
         137 -0.489719093      -7.44994466E-09
         138 -0.486872733      -4.84284826E-08
         139 -0.483733177      -5.21533181E-08
         140 -0.480302095      -1.49008628E-08
         141 -0.476581752      -2.23510384E-08
         142 -0.472574294      -5.96042824E-08
         143 -0.468282282      -5.96041758E-08
         144 -0.463708192      -4.47034694E-08
         145 -0.458854675      -5.21537089E-08
         146 -0.453724802      -8.94068393E-08
         147 -0.448321611      -8.94067327E-08
         148 -0.442648351      -5.21540606E-08
         149 -0.436708421      -5.21538333E-08
         150 -0.430505484      -8.94070808E-08
         151 -0.424043208      -8.94069814E-08
         152 -0.417325497      -4.47035902E-08
         153 -0.410356373      -4.47032491E-08
         154 -0.403140098      -5.96046412E-08
         155 -0.395680994      -8.94067469E-08
         156 -0.387983441      -5.96048864E-08
         157 -0.380052269      -4.47036115E-08
         158 -0.371892095      -5.96046590E-08
         159 -0.363507986      -7.45059410E-08
         160 -0.354904741      -0.00000000    
         161 -0.346087813      -1.25258934E-13
         162 -0.337062418      -4.47036150E-08
         163 -0.327834010      -2.98024645E-08
         164 -0.318408042      -1.60457937E-13
         165 -0.308790326      -1.49013317E-08
         166 -0.298986554      -2.98025000E-08
         167 -0.289002717      -4.47038957E-08
         168 -0.278844744       2.98020275E-08
         169 -0.268518806       1.49007455E-08
         170 -0.258031160      -3.05622877E-13
         171 -0.247388065      -1.49017012E-08
         172 -0.236595899      -5.52263042E-13
         173 -0.225661188      -6.79155679E-13
         174 -0.214590564      -1.49017332E-08
         175 -0.203390688      -1.49019588E-08
         176 -0.192068279      -1.20405232E-13
         177 -0.180630162      -1.49013992E-08
         178 -0.169083253      -2.98025675E-08
         179 -0.157434434      -2.98029050E-08
         180 -0.145690769      -1.30363697E-13
         181 -0.133859321      -3.61379194E-13
         182 -0.121947303      -3.04288631E-13
         183 -0.109961778      -1.49017421E-08
         184  -9.79099274E-02  -4.87693382E-13
         185  -8.57991427E-02  -8.31181098E-13
         186  -7.36367404E-02   2.98017202E-08
         187  -6.14299029E-02   1.49003414E-08
         188  -4.91859727E-02   2.98017326E-08
         189  -3.69124860E-02  -7.62908345E-13
         190  -2.46167798E-02   5.96038845E-08
         191  -1.23062115E-02  -9.23153372E-13
         192   1.19117012E-05  -0.00000000    
         193   1.23299332E-02   5.38101230E-10
         194   2.46405061E-02   1.07647036E-09
         195   3.69362831E-02   1.61362401E-09
         196   4.92098816E-02   2.15049845E-09
         197   6.14538006E-02   2.68535816E-09
         198   7.36606717E-02   1.81203532E-08
         199   8.58232453E-02   3.75054787E-09
         200   9.79341865E-02   1.91811402E-08
         201  0.109986089       1.97076577E-08
         202  0.121971726       3.51330627E-08
         203  0.133883938       3.56533043E-08
         204  0.145715535       3.61709382E-08
         205  0.157459378       2.17827214E-08
         206  0.169108316       5.20945704E-08
         207  0.180655450       3.76980260E-08
         208  0.192093834       3.81984648E-08
         209  0.203416497       3.86930488E-08
         210  0.214616552       5.40839977E-08
         211  0.225687444       5.45677956E-08
         212  0.236622423       5.50460015E-08
         213  0.247414812       5.55175177E-08
         214  0.258058161       8.57854090E-08
         215  0.268546134       7.13425550E-08
         216  0.278872401       5.68928975E-08
         217  0.289030671       7.22377465E-08
         218  0.299014807       8.75755433E-08
         219  0.308818877       1.02905013E-07
         220  0.318436950       1.03325867E-07
         221  0.327863187       8.88366216E-08
         222  0.337091923       1.33943388E-07
         223  0.346117675       1.04535694E-07
         224  0.354935020       1.55140398E-08
         225  0.363538474       1.58902207E-08
         226  0.371922940       6.09601969E-08
         227  0.380083412       4.64157424E-08
         228  0.388015002       1.69601080E-08
         229  0.395712793       3.21977467E-08
         230  0.403172225       7.72272912E-08
         231  0.410388917       6.26418100E-08
         232  0.417358369       1.82428685E-08
         233  0.424076438       3.34377965E-08
         234  0.430538982       7.84236605E-08
         235  0.436742276       6.37938768E-08
         236  0.442682505       4.17017851E-08
         237  0.448356062       4.94004695E-08
         238  0.453759491       9.43400309E-08
         239  0.458889693       7.22127709E-08
         240  0.463743478       7.98748374E-08
         241  0.468317926       7.26243243E-08
         242  0.472610205       1.10064846E-07
         243  0.476617843       1.10240371E-07
         244  0.480338454       8.80508111E-08
         245  0.483769625       8.82010198E-08
         246  0.486909419       1.40492276E-07
         247  0.489755988       1.25715829E-07
         248  0.492307514       8.11237513E-08
         249  0.494562477       1.03574401E-07
         250  0.496519536       1.26011471E-07
         251  0.498177528       1.63337077E-07
         252  0.499535382       1.26143320E-07
         253  0.500592351       1.03837941E-07
         254  0.501347840       1.48574458E-07
         255  0.501801312       1.33693291E-07
