           0  -1.63945024E-09  -1.78219381E-07
           1  -1.22706015E-02  -1.78216439E-07
           2  -2.45337430E-02  -1.78228206E-07
           3  -3.67821157E-02  -1.78241464E-07
           4  -4.90083471E-02  -1.78254183E-07
           5  -6.12049885E-02  -1.78266689E-07
           6  -7.33646974E-02  -1.78277531E-07
           7  -8.54802206E-02  -1.78290207E-07
           8  -9.75442901E-02  -1.78302514E-07
           9 -0.109549515      -1.93217687E-07
          10 -0.121488690      -1.93231713E-07
          11 -0.133354709      -2.08148251E-07
          12 -0.145140395      -1.78361304E-07
          13 -0.156838581      -1.93279718E-07
          14 -0.168442279      -1.78395183E-07
          15 -0.179944485      -1.93314236E-07
          16 -0.191338345      -1.93330777E-07
          17 -0.202616841      -1.93350829E-07
          18 -0.213773295      -1.93370653E-07
          19 -0.224800929      -1.93392495E-07
          20 -0.235693216      -1.93414806E-07
          21 -0.246443465      -1.78535174E-07
          22 -0.257045239      -2.08355729E-07
          23 -0.267492115      -2.08374956E-07
          24 -0.277777970      -1.78590852E-07
          25 -0.287896425      -2.08413468E-07
          26 -0.297841340      -2.23334638E-07
          27 -0.307606936      -2.38257016E-07
          28 -0.317187279      -1.93573783E-07
          29 -0.326576471      -2.08497752E-07
          30 -0.335768878      -1.93619798E-07
          31 -0.344759047      -2.23446747E-07
          32 -0.353541702      -1.34063342E-07
          33 -0.362111211      -1.19185636E-07
          34 -0.370462626      -1.49008486E-07
          35 -0.378590822      -1.34128314E-07
          36 -0.386491060      -1.19246337E-07
          37 -0.394158453      -8.94653311E-08
          38 -0.401588380      -1.34189790E-07
          39 -0.408776313      -1.49112637E-07
          40 -0.415718198      -1.04429795E-07
          41 -0.422409564      -1.04448574E-07
          42 -0.428846449      -1.34265989E-07
          43 -0.435025007      -1.34281393E-07
          44 -0.440941602      -9.70426726E-08
          45 -0.446592510      -9.70571463E-08
          46 -0.451974392      -1.19422111E-07
          47 -0.457084030      -1.11984797E-07
          48 -0.461918414      -1.04546501E-07
          49 -0.466474503      -1.04559646E-07
          50 -0.470749527      -1.26924348E-07
          51 -0.474741042      -1.34388586E-07
          52 -0.478446633      -1.04599458E-07
          53 -0.481863976      -9.71631664E-08
          54 -0.484991103      -1.34430564E-07
          55 -0.487825990      -1.41894049E-07
          56 -0.490367204      -8.97508414E-08
          57 -0.492612928      -9.72111422E-08
          58 -0.494561911      -1.34472543E-07
          59 -0.496212989      -1.27028656E-07
          60 -0.497565269      -8.23297199E-08
          61 -0.498617709      -8.97841161E-08
          62 -0.499369860      -8.97887844E-08
          63 -0.499821186      -1.12143191E-07
          64 -0.499971509      -7.16894188E-09
          65 -0.499820620      -7.79848364E-09
          66 -0.499368668      -4.64272070E-08
          67 -0.498615921      -4.63921239E-08
          68 -0.497562826      -1.64168834E-09
          69 -0.496210068       2.82122076E-10
          70 -0.494558394      -4.06220124E-08
          71 -0.492608786      -4.05321892E-08
          72 -0.490362495       2.29013466E-08
          73 -0.487820804       1.92935978E-08
          74 -0.484985322      -1.41040939E-08
          75 -0.481857687      -6.51036958E-09
          76 -0.478439778       3.08974677E-08
          77 -0.474733710       3.10644808E-08
          78 -0.470741719      -6.01192029E-09
          79 -0.466466039       1.62858138E-09
          80 -0.461909592       2.41811211E-08
          81 -0.457074821       1.69481904E-08
          82 -0.451964766      -1.26233068E-08
          83 -0.446582437      -1.98295478E-08
          84 -0.440931052       2.51300190E-08
          85 -0.435014158       3.28522702E-08
          86 -0.428835243      -4.11604262E-09
          87 -0.422397941      -3.81842513E-09
          88 -0.415706307       4.11934415E-08
          89 -0.408764213       5.64161660E-08
          90 -0.401575923       2.69462461E-08
          91 -0.394145757       4.21914379E-08
          92 -0.386478215       5.74456998E-08
          93 -0.378577828       7.27112166E-08
          94 -0.370449394       4.32821459E-08
          95 -0.362097830       5.85669397E-08
          96 -0.353528172       1.18563051E-07
          97 -0.344745576       1.33868596E-07
          98 -0.335755348       1.04480563E-07
          99 -0.326562852       9.00030770E-08
         100 -0.317173630       1.35137242E-07
         101 -0.307593435       1.35577892E-07
         102 -0.297827929       9.13222351E-08
         103 -0.287883043       1.06680510E-07
         104 -0.277764708       1.51848155E-07
         105 -0.267479122       1.52321036E-07
         106 -0.257032424       1.22997989E-07
         107 -0.246430874       1.53288099E-07
         108 -0.235680878       1.53782466E-07
         109 -0.224788934       1.54282745E-07
         110 -0.213761643       1.39885827E-07
         111 -0.202605516       1.40395670E-07
         112 -0.191327423       1.55810710E-07
         113 -0.179934040       1.56331964E-07
         114 -0.168432325       1.41957869E-07
         115 -0.156829119       1.27587526E-07
         116 -0.145131439       1.57922983E-07
         117 -0.133346349       1.73361826E-07
         118 -0.121480972       1.59001644E-07
         119 -0.109542400       1.59545138E-07
         120  -9.75378156E-02   1.74991555E-07
         121  -8.54744911E-02   1.90440304E-07
         122  -7.33597353E-02   1.90989525E-07
         123  -6.12007789E-02   2.06441385E-07
         124  -4.90048751E-02   1.92091960E-07
         125  -3.67795527E-02   2.07545952E-07
         126  -2.45320499E-02   1.78298876E-07
         127  -1.22697875E-02   2.23557052E-07
         128   1.60708347E-09   1.79408488E-07
         129   1.22696776E-02   1.79411430E-07
         130   2.45319251E-02   1.79399663E-07
         131   3.67794335E-02   1.79386404E-07
         132   4.90048304E-02   1.79373686E-07
         133   6.12006746E-02   1.79361180E-07
         134   7.33596161E-02   1.79350337E-07
         135   8.54743943E-02   1.79337661E-07
         136   9.75377634E-02   1.79325355E-07
         137  0.109542318       1.94212504E-07
         138  0.121480852       1.94198478E-07
         139  0.133346245       2.09084263E-07
         140  0.145131364       1.79266564E-07
         141  0.156829014       1.94150473E-07
         142  0.168432206       1.79232686E-07
         143  0.179933935       1.94115955E-07
         144  0.191327348       1.94099414E-07
         145  0.202605456       1.94079362E-07
         146  0.213761523       1.94059538E-07
         147  0.224788830       1.94037696E-07
         148  0.235680819       1.94015385E-07
         149  0.246430799       1.79092694E-07
         150  0.257032305       2.08876784E-07
         151  0.267479002       2.08857557E-07
         152  0.277764678       1.79037016E-07
         153  0.287883013       2.08819046E-07
         154  0.297827810       2.23700198E-07
         155  0.307593346       2.38580128E-07
         156  0.317173630       1.93856408E-07
         157  0.326562822       2.08734761E-07
         158  0.335755229       1.93810394E-07
         159  0.344745457       2.23588088E-07
         160  0.353528172       1.34157560E-07
         161  0.362097800       1.19232951E-07
         162  0.370449334       1.49014738E-07
         163  0.378577709       1.34092588E-07
         164  0.386478126       1.19172242E-07
         165  0.394145697       8.93486032E-08
         166  0.401575863       1.34031112E-07
         167  0.408764094       1.48910587E-07
         168  0.415706277       1.04186462E-07
         169  0.422397941       1.04167682E-07
         170  0.428835183       1.33954913E-07
         171  0.435014099       1.33939508E-07
         172  0.440931052       9.66724230E-08
         173  0.446582377       9.66579492E-08
         174  0.451964676       1.18996468E-07
         175  0.457074732       1.11532621E-07
         176  0.461909592       1.04069755E-07
         177  0.466466099       1.04056610E-07
         178  0.470741659       1.26395392E-07
         179  0.474733651       1.33832316E-07
         180  0.478439778       1.04016799E-07
         181  0.481857657       9.65519291E-08
         182  0.484985322       1.33790337E-07
         183  0.487820745       1.41228014E-07
         184  0.490362495       8.90630929E-08
         185  0.492608815       9.65039533E-08
         186  0.494558334       1.33748358E-07
         187  0.496210009       1.26291084E-07
         188  0.497562885       8.15830532E-08
         189  0.498615921       8.90298182E-08
         190  0.499368668       8.90251499E-08
         191  0.499820590       1.11374227E-07
         192  0.499971509       6.39626396E-09
         193  0.499821216       7.02624847E-09
         194  0.499369860       4.56578100E-08
         195  0.498617709       4.56271181E-08
         196  0.497565210       8.78546402E-10
         197  0.496213049      -1.04116782E-09
         198  0.494561970       3.98667197E-08
         199  0.492612898       3.97861264E-08
         200  0.490367204      -2.36365629E-08
         201  0.487826049      -2.00159107E-08
         202  0.484991103       1.33937608E-08
         203  0.481864005       5.81292126E-09
         204  0.478446633      -3.15838236E-08
         205  0.474741101      -3.17407896E-08
         206  0.470749587       5.33965006E-09
         207  0.466474444      -2.29477970E-09
         208  0.461918414      -2.48440397E-08
         209  0.457084119      -1.75984578E-08
         210  0.451974481       1.19879715E-08
         211  0.446592569       1.92123704E-08
         212  0.440941602      -2.57290704E-08
         213  0.435025066      -3.34252377E-08
         214  0.428846508       3.57209351E-09
         215  0.422409564       3.30696137E-09
         216  0.415718228      -4.16731289E-08
         217  0.408776432      -5.68596086E-08
         218  0.401588440      -2.73532912E-08
         219  0.394158512      -4.25599822E-08
         220  0.386491150      -5.77783474E-08
         221  0.378590941      -7.30058218E-08
         222  0.370462686      -4.35408474E-08
         223  0.362111241      -5.87884870E-08
         224  0.353541702      -1.18750847E-07
         225  0.344759166      -1.34015423E-07
         226  0.335768998      -1.04584757E-07
         227  0.326576501      -9.00635442E-08
         228  0.317187279      -1.35157194E-07
         229  0.307607025      -1.35554075E-07
         230  0.297841460      -9.12564815E-08
         231  0.287896454      -1.06569949E-07
         232  0.277778000      -1.51693854E-07
         233  0.267492235      -1.52120180E-07
         234  0.257045358      -1.22751857E-07
         235  0.246443540      -1.52993223E-07
         236  0.235693276      -1.53438648E-07
         237  0.224801034      -1.53890610E-07
         238  0.213773414      -1.39449241E-07
         239  0.202616900      -1.39914718E-07
         240  0.191338420      -1.55287978E-07
         241  0.179944590      -1.55762791E-07
         242  0.168442398      -1.41340095E-07
         243  0.156838685      -1.26922515E-07
         244  0.145140469      -1.57214373E-07
         245  0.133354813      -1.72608168E-07
         246  0.121488810      -1.58203363E-07
         247  0.109549597      -1.58703600E-07
         248   9.75443423E-02  -1.74109005E-07
         249   8.54803175E-02  -1.89517223E-07
         250   7.33648166E-02  -1.90027137E-07
         251   6.12050928E-02  -2.05440600E-07
         252   4.90083918E-02  -1.91053942E-07
         253   3.67822349E-02  -2.06471071E-07
         254   2.45338678E-02  -1.77184262E-07
         255   1.22707114E-02  -2.22405092E-07
