   6.2146080984221914       -10.175952042465543     
   6.9077552789821368       -11.561326067344444     
   7.3132203870903014       -12.371950426991695     
   7.6009024595420822       -12.947161722477091     
   7.8240460108562919       -13.393357227940559     
   8.0063675676502459       -13.757939279902363     
   8.1605182474775049       -14.066196950379899     
   8.2940496401020276       -14.333227316708031     
   8.4118326757584114       -14.568768140598854     
   8.5171931914162382       -14.779469397038001     
