   6.2146080984221914       -4.8599984909217930     
   6.9077552789821368       -5.5556221243815367     
   7.3132203870903014       -5.9619122093490544     
   7.6009024595420822       -6.2500066750280352     
   7.8240460108562919       -6.4733976319198865     
   8.0063675676502459       -6.6558841125283292     
   8.1605182474775049       -6.8101525895675454     
   8.2940496401020276       -6.9437723255844315     
   8.4118326757584114       -7.0616240717046921     
   8.5171931914162382       -7.1670395547598886     
