   1.0000000000000000E-002   10.000000000000000     
   2.0000000000000000E-002   9.9004983375000002     
   2.9999999999999999E-002   9.8019867330840267     
   4.0000000000000001E-002   9.7044553355095466     
   5.0000000000000003E-002   9.6078943915555275     
   5.9999999999999998E-002   9.5122942450471069     
   7.0000000000000007E-002   9.4176453358899703     
   8.0000000000000002E-002   9.3239381991143286     
   8.9999999999999997E-002   9.2311634639284161     
  0.10000000000000001        9.1393118527814021     
  0.11000000000000000        9.0483741804356317     
  0.12000000000000000        8.9583413530480893     
  0.13000000000000000        8.8692043672610108     
  0.14000000000000001        8.7809543093015385     
  0.14999999999999999        8.6935823540903350     
  0.16000000000000000        8.6070797643590691     
  0.17000000000000001        8.5214378897766849     
  0.17999999999999999        8.4366481660843569     
  0.19000000000000000        8.3527021142390598     
  0.20000000000000001        8.2695913395656540     
  0.20999999999999999        8.1873075309174155     
  0.22000000000000000        8.1058424598449097     
  0.23000000000000001        8.0251879797731434     
  0.23999999999999999        7.9453360251868990     
  0.25000000000000000        7.8662786108241756     
  0.26000000000000001        7.7880078308776559     
  0.27000000000000002        7.7105158582041211     
  0.28000000000000003        7.6337949435417283     
  0.28999999999999998        7.5578374147350784     
  0.29999999999999999        7.4826356759679946     
  0.31000000000000000        7.4081822070039323     
  0.32000000000000001        7.3344695624339513     
  0.33000000000000002        7.2614903709321688     
  0.34000000000000002        7.1892373345186193     
  0.35000000000000003        7.1177032278294519     
  0.35999999999999999        7.0468808973943871     
  0.37000000000000000        6.9767632609213637     
  0.38000000000000000        6.9073433065883041     
  0.39000000000000001        6.8386140923419259     
  0.40000000000000002        6.7705687452035308     
  0.41000000000000003        6.7032004605817015     
  0.41999999999999998        6.6365025015918366     
  0.42999999999999999        6.5704681983824571     
  0.44000000000000000        6.5050909474682133     
  0.45000000000000001        6.4403642110695349     
  0.46000000000000002        6.3762815164588433     
  0.47000000000000003        6.3128364553132759     
  0.47999999999999998        6.2500226830738477     
  0.48999999999999999        6.1878339183109921     
  0.50000000000000000        6.1262639420964087     
  0.51000000000000001        6.0653065973811691     
  0.52000000000000002        6.0049557883800047     
  0.53000000000000003        5.9452054799617242     
  0.54000000000000004        5.8860496970456939     
  0.55000000000000004        5.8274825240043269     
  0.56000000000000005        5.7694981040715145     
  0.57000000000000006        5.7120906387569432     
  0.57999999999999996        5.6552543872662433     
  0.58999999999999997        5.5989836659269026     
  0.59999999999999998        5.5432728476198951     
  0.60999999999999999        5.4881163612169663     
  0.62000000000000000        5.4335086910235129     
  0.63000000000000000        5.3794443762270090     
  0.64000000000000001        5.3259180103509225     
  0.65000000000000002        5.2729242407140617     
  0.66000000000000003        5.2204577678953017     
  0.67000000000000004        5.1685133452036398     
  0.68000000000000005        5.1170857781535197     
  0.69000000000000006        5.0661699239453819     
  0.70000000000000007        5.0157606909513754     
  0.70999999999999996        4.9658530382061947     
  0.71999999999999997        4.9164419749029751     
  0.72999999999999998        4.8675225598942120     
  0.73999999999999999        4.8190899011976391     
  0.75000000000000000        4.7711391555070266     
  0.76000000000000001        4.7236655277078468     
  0.77000000000000002        4.6766642703977599     
  0.78000000000000003        4.6301306834118670     
  0.79000000000000004        4.5840601133526926     
  0.80000000000000004        4.5384479531248392     
  0.81000000000000005        4.4932896414742745     
  0.82000000000000006        4.4485806625322022     
  0.83000000000000007        4.4043165453634714     
  0.83999999999999997        4.3604928635194788     
  0.84999999999999998        4.3171052345955214     
  0.85999999999999999        4.2741493197925511     
  0.87000000000000000        4.2316208234832908     
  0.88000000000000000        4.1895154927826699     
  0.89000000000000001        4.1478291171225319     
  0.90000000000000002        4.1065575278305717     
  0.91000000000000003        4.0656965977134689     
  0.92000000000000004        4.0252422406441601     
  0.93000000000000005        3.9851904111532281     
  0.94000000000000006        3.9455371040243477     
  0.95000000000000007        3.9062783538937618     
  0.95999999999999996        3.8674102348537427     
  0.96999999999999997        3.8289288600599964     
  0.97999999999999998        3.7908303813429765     
  0.98999999999999999        3.7531109888230629     
   1.0000000000000000        3.7157669105295716     
   1.0100000000000000        3.6787944120235534     
   1.0200000000000000        3.6421897960243479     
   1.0300000000000000        3.6059494020398519     
   1.0400000000000000        3.5700696060004673     
   1.0500000000000000        3.5345468198966907     
   1.0600000000000001        3.4993774914203097     
   1.0700000000000001        3.4645581036091695     
   1.0800000000000001        3.4300851744954737     
   1.0900000000000001        3.3959552567575835     
   1.1000000000000001        3.3621649373752840     
   1.1100000000000001        3.3287108372884791     
   1.1200000000000001        3.2955896110592819     
   1.1300000000000001        3.2627979465374692     
   1.1400000000000001        3.2303325645292627     
   1.1500000000000001        3.1981902184694078     
   1.1599999999999999        3.1663676940965133     
   1.1699999999999999        3.1348618091316238     
   1.1799999999999999        3.1036694129599884     
   1.1899999999999999        3.0727873863159965     
   1.2000000000000000        3.0422126409712491     
   1.2100000000000000        3.0119421194257336     
   1.2200000000000000        2.9819727946020702     
   1.2300000000000000        2.9523016695428024     
   1.2400000000000000        2.9229257771106991     
   1.2500000000000000        2.8938421796920371     
   1.2600000000000000        2.8650479689028390     
   1.2700000000000000        2.8365402652980309     
   1.2800000000000000        2.8083162180834966     
   1.2900000000000000        2.7803730048309947     
   1.3000000000000000        2.7527078311959143     
   1.3100000000000001        2.7253179306378379     
   1.3200000000000001        2.6982005641438853     
   1.3300000000000001        2.6713530199548097     
   1.3400000000000001        2.6447726132938199     
   1.3500000000000001        2.6184566860980993     
   1.3600000000000001        2.5924026067529993     
   1.3700000000000001        2.5666077698288734     
   1.3800000000000001        2.5410695958205345     
   1.3900000000000001        2.5157855308892998     
   1.4000000000000001        2.4907530466076069     
   1.4099999999999999        2.4659696397061670     
   1.4199999999999999        2.4414328318236382     
   1.4299999999999999        2.4171401692587846     
   1.4399999999999999        2.3930892227251066     
   1.4500000000000000        2.3692775871079084     
   1.4600000000000000        2.3457028812237857     
   1.4700000000000000        2.3223627475825048     
   1.4800000000000000        2.2992548521512521     
   1.4900000000000000        2.2763768841212282     
   1.5000000000000000        2.2537265556765651     
   1.5100000000000000        2.2313016017655434     
   1.5200000000000000        2.2090997798740850     
   1.5300000000000000        2.1871188698014996     
   1.5400000000000000        2.1653566734384624     
   1.5500000000000000        2.1438110145472029     
   1.5600000000000001        2.1224797385438769     
   1.5700000000000001        2.1013607122831091     
   1.5800000000000001        2.0804518238446739     
   1.5900000000000001        2.0597509823223037     
   1.6000000000000001        2.0392561176145958     
   1.6100000000000001        2.0189651802180011     
   1.6200000000000001        1.9988761410218707     
   1.6300000000000001        1.9789869911055447     
   1.6400000000000001        1.9592957415374572     
   1.6500000000000001        1.9398004231762425     
   1.6600000000000001        1.9204990864738185     
   1.6699999999999999        1.9013898012804309     
   1.6799999999999999        1.8824706566516360     
   1.6899999999999999        1.8637397606572057     
   1.7000000000000000        1.8451952401919314     
   1.7100000000000000        1.8268352407883131     
   1.7200000000000000        1.8086579264311105     
   1.7300000000000000        1.7906614793737405     
   1.7400000000000000        1.7728440999565009     
   1.7500000000000000        1.7552040064266021     
   1.7600000000000000        1.7377394347599913     
   1.7700000000000000        1.7204486384849482     
   1.7800000000000000        1.7033298885074368     
   1.7900000000000000        1.6863814729381938     
   1.8000000000000000        1.6696016969215390     
   1.8100000000000001        1.6529888824658876     
   1.8200000000000001        1.6365413682759502     
   1.8300000000000001        1.6202575095866021     
   1.8400000000000001        1.6041356779984044     
   1.8500000000000001        1.5881742613147638     
   1.8600000000000001        1.5723716633807110     
   1.8700000000000001        1.5567263039232839     
   1.8800000000000001        1.5412366183934991     
   1.8900000000000001        1.5259010578098959     
   1.9000000000000001        1.5107180886036367     
   1.9100000000000001        1.4956861924651483     
   1.9199999999999999        1.4808038661922907     
   1.9299999999999999        1.4660696215400346     
   1.9399999999999999        1.4514819850716367     
   1.9500000000000000        1.4370394980112939     
   1.9600000000000000        1.4227407160982650     
   1.9700000000000000        1.4085842094424432     
   1.9800000000000000        1.3945685623813662     
   1.9900000000000000        1.3806923733386480     
   2.0000000000000000        1.3669542546838214     
   2.0100000000000002        1.3533528325935724     
   2.0200000000000000        1.3398867469143581     
   2.0300000000000002        1.3265546510263886     
   2.0400000000000000        1.3133552117089653     
   2.0499999999999998        1.3002871090071570     
   2.0600000000000001        1.2873490360998039     
   2.0699999999999998        1.2745396991688336     
   2.0800000000000001        1.2618578172698787     
   2.0899999999999999        1.2493021222041814     
   2.1000000000000001        1.2368713583917719     
   2.1099999999999999        1.2245642827459104     
   2.1200000000000001        1.2123796645487765     
   2.1299999999999999        1.2003162853283971     
   2.1400000000000001        1.1883729387367972     
   2.1499999999999999        1.1765484304293650     
   2.1600000000000001        1.1648415779454162     
   2.1699999999999999        1.1532512105899471     
   2.1800000000000002        1.1417761693165633     
   2.1899999999999999        1.1304153066115754     
   2.2000000000000002        1.1191674863792456     
   2.2100000000000000        1.1080315838281776     
   2.2200000000000002        1.0970064853588364     
   2.2300000000000000        1.0860910884521877     
   2.2400000000000002        1.0752843015594449     
   2.2500000000000000        1.0645850439929132     
   2.2600000000000002        1.0539922458179201     
   2.2700000000000000        1.0435048477458209     
   2.2800000000000002        1.0331218010280689     
   2.2900000000000000        1.0228420673513403     
   2.3000000000000003        1.0126646187337007     
   2.3100000000000001        1.0025884374218075     
   2.3199999999999998       0.99261251578913279     
   2.3300000000000001       0.98273585623520021     
   2.3399999999999999       0.97295747108582387     
   2.3500000000000001       0.96327638249434033     
   2.3599999999999999       0.95369162234382310     
   2.3700000000000001       0.94420223215026988     
   2.3799999999999999       0.93480726296675365     
   2.3900000000000001       0.92550577528852696     
   2.3999999999999999       0.91629683895907099     
   2.4100000000000001       0.90717953307707877     
   2.4199999999999999       0.89815294590436445     
   2.4300000000000002       0.88921617477468873     
   2.4399999999999999       0.88036832600349157     
   2.4500000000000002       0.87160851479852264     
   2.4600000000000000       0.86293586517136178     
   2.4700000000000002       0.85434950984981917     
   2.4800000000000000       0.84584859019120751     
   2.4900000000000002       0.83743225609647687     
   2.5000000000000000       0.82909966592520434     
   2.5100000000000002       0.82084998641142914     
   2.5200000000000000       0.81268239258032515     
   2.5300000000000002       0.80459606766570313     
   2.5400000000000000       0.79659020302833317     
   2.5500000000000003       0.78866399807508003     
   2.5600000000000001       0.78081666017884332     
   2.5699999999999998       0.77304740459929411     
   2.5800000000000001       0.76535545440440012     
   2.5899999999999999       0.75774004039273202     
   2.6000000000000001       0.75020040101654262     
   2.6099999999999999       0.74273578230561133     
   2.6200000000000001       0.73534543779184669     
   2.6299999999999999       0.72802862843463878     
   2.6400000000000001       0.72078462254695463     
   2.6499999999999999       0.71361269572216890     
   2.6600000000000001       0.70651213076162267     
   2.6699999999999999       0.69948221760290274     
   2.6800000000000002       0.69252225324883521     
   2.6899999999999999       0.68563154169718465     
   2.7000000000000002       0.67880939387105388     
   2.7100000000000000       0.67205512754997521     
   2.7200000000000002       0.66536806730168796     
   2.7300000000000000       0.65874754441459493     
   2.7400000000000002       0.65219289683089043     
   2.7500000000000000       0.64570346908035403     
   2.7600000000000002       0.63927861221480275     
   2.7700000000000000       0.63291768374319624     
   2.7800000000000002       0.62662004756738654     
   2.7900000000000000       0.62038507391850817     
   2.8000000000000003       0.61421213929400043     
   2.8100000000000001       0.60810062639525697     
   2.8199999999999998       0.60204992406589497     
   2.8300000000000001       0.59605942723063943     
   2.8399999999999999       0.59012853683481481     
   2.8500000000000001       0.58425665978443919     
   2.8599999999999999       0.57844320888691436     
   2.8700000000000001       0.57268760279230613     
   2.8799999999999999       0.56698926593520871     
   2.8900000000000001       0.56134762847718789     
   2.8999999999999999       0.55576212624979660     
   2.9100000000000001       0.55023220069815759     
   2.9199999999999999       0.54475729882510759     
   2.9300000000000002       0.53933687313589684     
   2.9399999999999999       0.53397038158343946     
   2.9500000000000002       0.52865728751410834     
   2.9600000000000000       0.52339705961406890     
   2.9700000000000002       0.51818917185614777     
   2.9800000000000000       0.51303310344722930     
   2.9900000000000002       0.50792833877617594     
   3.0000000000000000       0.50287436736226665     
   3.0100000000000002       0.49787068380414851     
   3.0200000000000000       0.49291678772929604     
   3.0300000000000002       0.48801218374397359     
   3.0400000000000000       0.48315638138369549     
   3.0500000000000003       0.47834889506417932     
   3.0600000000000001       0.47358924403278696     
   3.0700000000000003       0.46887695232044890     
   3.0800000000000001       0.46421154869406711     
   3.0899999999999999       0.45959256660939118     
   3.1000000000000001       0.45501954416436352     
   3.1099999999999999       0.45049202405292887     
   3.1200000000000001       0.44600955351930321     
   3.1299999999999999       0.44157168431269789     
   3.1400000000000001       0.43717797264249403     
   3.1499999999999999       0.43282797913386328     
   3.1600000000000001       0.42852126878382979     
   3.1699999999999999       0.42425741091776975     
   3.1800000000000002       0.42003597914634339     
   3.1899999999999999       0.41585655132285576     
   3.2000000000000002       0.41171870950104167     
   3.2100000000000000       0.40762203989327084     
   3.2200000000000002       0.40356613282916864     
   3.2300000000000000       0.39955058271464883     
   3.2400000000000002       0.39557498799135371     
   3.2500000000000000       0.39163895109649799     
   3.2600000000000002       0.38774207842311220     
   3.2700000000000000       0.38388398028068171     
   3.2800000000000002       0.38006427085617722     
   3.2900000000000000       0.37628256817547323     
   3.3000000000000003       0.37253849406515033     
   3.3100000000000001       0.36883167411467743     
   3.3200000000000003       0.36516173763897058     
   3.3300000000000001       0.36152831764132393     
   3.3399999999999999       0.35793105077670995     
   3.3500000000000001       0.35436957731544450     
   3.3599999999999999       0.35084354110721361     
   3.3700000000000001       0.34735258954545811     
   3.3799999999999999       0.34389637353211278     
   3.3900000000000001       0.34047454744269617     
   3.3999999999999999       0.33708676909174784     
   3.4100000000000001       0.33373269969860958     
   3.4199999999999999       0.33041200385354708     
   3.4300000000000002       0.32712434948420865     
   3.4399999999999999       0.32386940782241769     
   3.4500000000000002       0.32064685337129556     
   3.4600000000000000       0.31745636387271181     
   3.4700000000000002       0.31429762027505781     
   3.4800000000000000       0.31117030670134160     
   3.4900000000000002       0.30807411041759974     
   3.5000000000000000       0.30500872180162375     
   3.5100000000000002       0.30197383431199759     
   3.5200000000000000       0.29896914445744327     
   3.5300000000000002       0.29599435176647143     
   3.5400000000000000       0.29304915875733406     
   3.5500000000000003       0.29013327090827595     
   3.5600000000000001       0.28724639662808232     
   3.5700000000000003       0.28438824722691947     
   3.5800000000000001       0.28155853688746552     
   3.5899999999999999       0.27875698263632848     
   3.6000000000000001       0.27598330431574863     
   3.6099999999999999       0.27323722455558258     
   3.6200000000000001       0.27051846874556595     
   3.6299999999999999       0.26782676500785213     
   3.6400000000000001       0.26516184416982430     
   3.6499999999999999       0.26252343973717795     
   3.6600000000000001       0.25991128786727119     
   3.6699999999999999       0.25732512734274021     
   3.6800000000000002       0.25476469954537750     
   3.6899999999999999       0.25222974843026968     
   3.7000000000000002       0.24972002050019282     
   3.7100000000000000       0.24723526478026250     
   3.7200000000000002       0.24477523279283611     
   3.7300000000000000       0.24233967853266494     
   3.7400000000000002       0.23992835844229338     
   3.7500000000000000       0.23754103138770297     
   3.7600000000000002       0.23517745863419887     
   3.7700000000000000       0.23283740382253609     
   3.7800000000000002       0.23052063294528347     
   3.7900000000000000       0.22822691432342268     
   3.8000000000000003       0.22595601858318012     
   3.8100000000000001       0.22370771863308939     
   3.8200000000000003       0.22148178964128193     
   3.8300000000000001       0.21927800901300365     
   3.8399999999999999       0.21709615636835528     
   3.8500000000000001       0.21493601352025415     
   3.8599999999999999       0.21279736445261538     
   3.8700000000000001       0.21067999529875001     
   3.8799999999999999       0.20858369431997822     
   3.8900000000000001       0.20650825188445526     
   3.8999999999999999       0.20445346044620805     
   3.9100000000000001       0.20241911452438047     
   3.9199999999999999       0.20040501068268510     
   3.9300000000000002       0.19841094750905935     
   3.9399999999999999       0.19643672559552419     
   3.9500000000000002       0.19448214751824311     
   3.9600000000000000       0.19254701781777955     
   3.9700000000000002       0.19063114297955094     
   3.9800000000000000       0.18873433141447690     
   3.9900000000000002       0.18685639343982027     
   4.0000000000000000       0.18499714126021866     
   4.0099999999999998       0.18315638894890474     
   4.0200000000000005       0.18133395242911346     
   4.0300000000000002       0.17952964945567418     
   4.0400000000000000       0.17774329959678600     
   4.0499999999999998       0.17597472421597443     
   4.0600000000000005       0.17422374645422758     
   4.0700000000000003       0.17249019121231018     
   4.0800000000000001       0.17077388513325342     
   4.0899999999999999       0.16907465658501913     
   4.0999999999999996       0.16739233564333653     
   4.1100000000000003       0.16572675407470952     
   4.1200000000000001       0.16407774531959329     
   4.1299999999999999       0.16244514447573818     
   4.1399999999999997       0.16082878828169933     
   4.1500000000000004       0.15922851510051036     
   4.1600000000000001       0.15764416490351965     
   4.1699999999999999       0.15607557925438723     
   4.1799999999999997       0.15452260129324102     
   4.1900000000000004       0.15298507572099082     
   4.2000000000000002       0.15146284878379812     
   4.2100000000000000       0.14995576825770071     
   4.2199999999999998       0.14846368343339011     
   4.2300000000000004       0.14698644510114051     
   4.2400000000000002       0.14552390553588765     
   4.2500000000000000       0.14407591848245627     
   4.2599999999999998       0.14264233914093438     
   4.2700000000000005       0.14122302415219321     
   4.2800000000000002       0.13981783158355113     
   4.2900000000000000       0.13842662091458030     
   4.2999999999999998       0.13704925302305451     
   4.3100000000000005       0.13568559017103682     
   4.3200000000000003       0.13433549599110564     
   4.3300000000000001       0.13299883547271793     
   4.3399999999999999       0.13167547494870799     
   4.3500000000000005       0.13036528208192064     
   4.3600000000000003       0.12906812585197738     
   4.3700000000000001       0.12778387654217430     
   4.3799999999999999       0.12651240572651018     
   4.3899999999999997       0.12525358625684396     
   4.4000000000000004       0.12400729225017965     
   4.4100000000000001       0.12277339907607802     
   4.4199999999999999       0.12155178334419345     
   4.4299999999999997       0.12034232289193474     
   4.4400000000000004       0.11914489677224881     
   4.4500000000000002       0.11795938524152584     
   4.4600000000000000       0.11678566974762486     
   4.4699999999999998       0.11562363291801840     
   4.4800000000000004       0.11447315854805515     
   4.4900000000000002       0.11333413158933939     
   4.5000000000000000       0.11220643813822609     
   4.5099999999999998       0.11108996542443039     
   4.5200000000000005       0.10998460179975056     
   4.5300000000000002       0.10889023672690300     
   4.5400000000000000       0.10780676076846846     
   4.5499999999999998       0.10673406557594822     
   4.5600000000000005       0.10567204387892913     
   4.5700000000000003       0.10462058947435648     
   4.5800000000000001       0.10357959721591364     
   4.5899999999999999       0.10254896300350727     
   4.6000000000000005       0.10152858377285727     
   4.6100000000000003       0.10051835748519029     
   4.6200000000000001        9.9518183117035725E-002
   4.6299999999999999        9.8527960650123272E-002
   4.6399999999999997        9.7547591061381084E-002
   4.6500000000000004        9.6576976313033330E-002
   4.6600000000000001        9.5616019342796343E-002
   4.6699999999999999        9.4664624054172308E-002
   4.6799999999999997        9.3722695306839549E-002
   4.6900000000000004        9.2790138907138400E-002
   4.7000000000000002        9.1866861598651775E-002
   4.7100000000000000        9.0952771052879453E-002
   4.7199999999999998        9.0047775860005119E-002
   4.7300000000000004        8.9151785519755333E-002
   4.7400000000000002        8.8264710432349430E-002
   4.7500000000000000        8.7386461889539441E-002
   4.7599999999999998        8.6516952065739228E-002
   4.7700000000000005        8.5656094009241845E-002
   4.7800000000000002        8.4803801633524259E-002
   4.7900000000000000        8.3959989708638674E-002
   4.7999999999999998        8.3124573852689426E-002
   4.8100000000000005        8.2297470523394770E-002
   4.8200000000000003        8.1478597009732520E-002
   4.8300000000000001        8.0667871423668935E-002
   4.8399999999999999        7.9865212691969806E-002
   4.8500000000000005        7.9070540548093093E-002
   4.8600000000000003        7.8283775524162200E-002
   4.8700000000000001        7.7504838943019100E-002
   4.8799999999999999        7.6733652910356581E-002
   4.8899999999999997        7.5970140306928738E-002
   4.9000000000000004        7.5214224780838973E-002
   4.9100000000000001        7.4465830739904759E-002
   4.9199999999999999        7.3724883344098352E-002
   4.9299999999999997        7.2991308498062721E-002
   4.9400000000000004        7.2265032843701962E-002
   4.9500000000000002        7.1545983752845418E-002
   4.9600000000000000        7.0834089319984805E-002
   4.9699999999999998        7.0129278355083605E-002
   4.9800000000000004        6.9431480376457994E-002
   4.9900000000000002        6.8740625603728622E-002
   5.0000000000000000        6.8056644950842515E-002
   5.0099999999999998        6.7379470019164403E-002
   5.0200000000000005        6.6709033090636832E-002
   5.0300000000000002        6.6045267121008250E-002
   5.0400000000000000        6.5388105733128560E-002
   5.0499999999999998        6.4737483210311350E-002
   5.0600000000000005        6.4093334489762163E-002
   5.0700000000000003        6.3455595156072173E-002
   5.0800000000000001        6.2824201434776558E-002
   5.0899999999999999        6.2199090185977045E-002
   5.1000000000000005        6.1580198898027828E-002
   5.1100000000000003        6.0967465681284382E-002
   5.1200000000000001        6.0360829261914432E-002
   5.1299999999999999        5.9760228975770519E-002
   5.1399999999999997        5.9165604762323534E-002
   5.1500000000000004        5.8576897158656625E-002
   5.1600000000000001        5.7994047293518841E-002
   5.1699999999999999        5.7416996881437969E-002
   5.1799999999999997        5.6845688216891926E-002
   5.1900000000000004        5.6280064168538188E-002
   5.2000000000000002        5.5720068173500566E-002
   5.2100000000000000        5.5165644231712899E-002
   5.2199999999999998        5.4616736900318999E-002
   5.2300000000000004        5.4073291288128315E-002
   5.2400000000000002        5.3535253050126762E-002
   5.2500000000000000        5.3002568382042183E-002
   5.2599999999999998        5.2475184014963872E-002
   5.2700000000000005        5.1953047210015639E-002
   5.2800000000000002        5.1436105753081884E-002
   5.2900000000000000        5.0924307949586141E-002
   5.2999999999999998        5.0417602619321565E-002
   5.3100000000000005        4.9915939091332878E-002
   5.3200000000000003        4.9419267198849245E-002
   5.3300000000000001        4.8927537274267525E-002
   5.3399999999999999        4.8440700144185493E-002
   5.3500000000000005        4.7958707124484447E-002
   5.3600000000000003        4.7481510015460769E-002
   5.3700000000000001        4.7009061097005894E-002
   5.3799999999999999        4.6541313123834277E-002
   5.3899999999999997        4.6078219320758819E-002
   5.4000000000000004        4.5619733378013304E-002
   5.4100000000000001        4.5165809446621394E-002
   5.4199999999999999        4.4716402133811693E-002
   5.4299999999999997        4.4271466498478414E-002
   5.4400000000000004        4.3830958046687248E-002
   5.4500000000000002        4.3394832727225933E-002
   5.4600000000000000        4.2963046927199093E-002
   5.4699999999999998        4.2535557467666914E-002
   5.4800000000000004        4.2112321599327200E-002
   5.4900000000000002        4.1693296998240426E-002
   5.5000000000000000        4.1278441761597305E-002
   5.5099999999999998        4.0867714403528467E-002
   5.5200000000000005        4.0461073850955841E-002
   5.5300000000000002        4.0058479439485303E-002
   5.5400000000000000        3.9659890909340217E-002
   5.5499999999999998        3.9265268401335415E-002
   5.5600000000000005        3.8874572452891255E-002
   5.5700000000000003        3.8487763994087314E-002
   5.5800000000000001        3.8104804343755384E-002
   5.5899999999999999        3.7725655205611296E-002
   5.6000000000000005        3.7350278664425286E-002
   5.6100000000000003        3.6978637182230427E-002
   5.6200000000000001        3.6610693594568804E-002
   5.6299999999999999        3.6246411106775032E-002
   5.6399999999999997        3.5885753290296772E-002
   5.6500000000000004        3.5528684079051832E-002
   5.6600000000000001        3.5175167765821538E-002
   5.6699999999999999        3.4825168998679976E-002
   5.6799999999999997        3.4478652777458763E-002
   5.6900000000000004        3.4135584450247024E-002
   5.7000000000000002        3.3795929709926148E-002
   5.7100000000000000        3.3459654590739067E-002
   5.7199999999999998        3.3126725464893640E-002
   5.7300000000000004        3.2797109039199843E-002
   5.7400000000000002        3.2470772351740423E-002
   5.7500000000000000        3.2147682768574701E-002
   5.7599999999999998        3.1827807980475124E-002
   5.7700000000000005        3.1511115999696318E-002
   5.7800000000000002        3.1197575156776305E-002
   5.7900000000000000        3.0887154097369512E-002
   5.7999999999999998        3.0579821779111317E-002
   5.8100000000000005        3.0275547468513790E-002
   5.8200000000000003        2.9974300737892312E-002
   5.8300000000000001        2.9676051462322786E-002
   5.8399999999999999        2.9380769816629120E-002
   5.8500000000000005        2.9088426272400679E-002
   5.8600000000000003        2.8798991595039423E-002
   5.8700000000000001        2.8512436840836427E-002
   5.8799999999999999        2.8228733354077478E-002
   5.8899999999999997        2.7947852764177487E-002
   5.9000000000000004        2.7669766982843399E-002
   5.9100000000000001        2.7394448201265346E-002
   5.9199999999999999        2.7121868887335743E-002
   5.9299999999999997        2.6852001782896050E-002
   5.9400000000000004        2.6584819901010939E-002
   5.9500000000000002        2.6320296523269570E-002
   5.9600000000000000        2.6058405197113742E-002
   5.9699999999999998        2.5799119733192596E-002
   5.9800000000000004        2.5542414202743675E-002
   5.9900000000000002        2.5288262935000014E-002
   6.0000000000000000        2.5036640514623051E-002
   6.0099999999999998        2.4787521779161065E-002
   6.0200000000000005        2.4540881816532918E-002
   6.0300000000000002        2.4296695962536814E-002
   6.0400000000000000        2.4054939798383870E-002
   6.0499999999999998        2.3815589148256211E-002
   6.0600000000000005        2.3578620076889364E-002
   6.0700000000000003        2.3344008887178726E-002
   6.0800000000000001        2.3111732117809820E-002
   6.0899999999999999        2.2881766540912150E-002
   6.1000000000000005        2.2654089159736386E-002
   6.1100000000000003        2.2428677206354688E-002
   6.1200000000000001        2.2205508139383875E-002
   6.1299999999999999        2.1984559641731276E-002
   6.1400000000000006        2.1765809618363011E-002
   6.1500000000000004        2.1549236194094448E-002
   6.1600000000000001        2.1334817711402693E-002
   6.1699999999999999        2.1122532728260791E-002
   6.1799999999999997        2.0912360015993531E-002
   6.1900000000000004        2.0704278557154541E-002
   6.2000000000000002        2.0498267543424542E-002
   6.2100000000000000        2.0294306373530489E-002
   6.2199999999999998        2.0092374651185425E-002
   6.2300000000000004        1.9892452183048845E-002
   6.2400000000000002        1.9694518976707334E-002
   6.2500000000000000        1.9498555238675316E-002
   6.2599999999999998        1.9304541372415690E-002
   6.2700000000000005        1.9112457976380150E-002
   6.2800000000000002        1.8922285842069030E-002
   6.2900000000000000        1.8734005952110423E-002
   6.2999999999999998        1.8547599478358434E-002
   6.3100000000000005        1.8363047780010355E-002
   6.3200000000000003        1.8180332401742560E-002
   6.3300000000000001        1.7999435071864960E-002
   6.3399999999999999        1.7820337700493821E-002
   6.3500000000000005        1.7643022377742765E-002
   6.3600000000000003        1.7467471371931755E-002
   6.3700000000000001        1.7293667127813918E-002
   6.3799999999999999        1.7121592264820011E-002
   6.3900000000000006        1.6951229575320338E-002
   6.4000000000000004        1.6782562022903985E-002
   6.4100000000000001        1.6615572740675155E-002
   6.4199999999999999        1.6450245029566470E-002
   6.4299999999999997        1.6286562356669046E-002
   6.4400000000000004        1.6124508353579196E-002
   6.4500000000000002        1.5964066814761570E-002
   6.4600000000000000        1.5805221695928583E-002
   6.4699999999999998        1.5647957112435988E-002
   6.4800000000000004        1.5492257337694380E-002
   6.4900000000000002        1.5338106801596538E-002
   6.5000000000000000        1.5185490088960397E-002
   6.5099999999999998        1.5034391937987513E-002
   6.5200000000000005        1.4884797238736877E-002
   6.5300000000000002        1.4736691031613904E-002
   6.5400000000000000        1.4590058505874462E-002
   6.5499999999999998        1.4444884998143784E-002
   6.5600000000000005        1.4301155990950123E-002
   6.5700000000000003        1.4158857111272986E-002
   6.5800000000000001        1.4017974129105826E-002
   6.5899999999999999        1.3878492956033025E-002
   6.6000000000000005        1.3740399643821042E-002
   6.6100000000000003        1.3603680383023582E-002
   6.6200000000000001        1.3468321501600633E-002
   6.6299999999999999        1.3334309463551257E-002
   6.6400000000000006        1.3201630867559974E-002
   6.6500000000000004        1.3070272445656620E-002
   6.6600000000000001        1.2940221061889542E-002
   6.6699999999999999        1.2811463711011989E-002
   6.6799999999999997        1.2683987517181578E-002
   6.6900000000000004        1.2557779732672697E-002
   6.7000000000000002        1.2432827736601723E-002
   6.7100000000000000        1.2309119033664925E-002
   6.7199999999999998        1.2186641252888920E-002
   6.7300000000000004        1.2065382146393567E-002
   6.7400000000000002        1.1945329588167169E-002
   6.7500000000000000        1.1826471572853861E-002
   6.7599999999999998        1.1708796214553067E-002
   6.7700000000000005        1.1592291745630893E-002
   6.7800000000000002        1.1476946515543363E-002
   6.7900000000000000        1.1362748989671349E-002
   6.7999999999999998        1.1249687748167099E-002
   6.8100000000000005        1.1137751484812249E-002
   6.8200000000000003        1.1026929005887183E-002
   6.8300000000000001        1.0917209229051658E-002
   6.8399999999999999        1.0808581182236560E-002
   6.8500000000000005        1.0701034002546685E-002
   6.8600000000000003        1.0594556935174443E-002
   6.8700000000000001        1.0489139332324367E-002
   6.8799999999999999        1.0384770652148326E-002
   6.8900000000000006        1.0281440457691330E-002
   6.9000000000000004        1.0179138415847826E-002
   6.9100000000000001        1.0077854296328377E-002
   6.9199999999999999        9.9775779706366332E-003
   6.9299999999999997        9.8782994110564615E-003
   6.9400000000000004        9.7800086896491726E-003
   6.9500000000000002        9.6826959772607184E-003
   6.9600000000000000        9.5863515425387673E-003
   6.9699999999999998        9.4909657509595624E-003
   6.9800000000000004        9.3965290638644578E-003
   6.9900000000000002        9.3030320375060496E-003
   7.0000000000000000        9.2104653221037874E-003
   7.0099999999999998        9.1188196609089944E-003
   7.0200000000000005        9.0280858892791815E-003
   7.0300000000000002        8.9382549337615746E-003
   7.0400000000000000        8.8493178111857650E-003
   7.0499999999999998        8.7612656277653803E-003
   7.0600000000000005        8.6740895782087043E-003
   7.0700000000000003        8.5877809448381345E-003
   7.0800000000000001        8.5023310967184129E-003
   7.0899999999999999        8.4177314887935190E-003
   7.1000000000000005        8.3339736610321628E-003
   7.1100000000000003        8.2510492375817718E-003
   7.1200000000000001        8.1689499259308979E-003
   7.1299999999999999        8.0876675160799598E-003
   7.1400000000000006        8.0071938797202404E-003
   7.1500000000000004        7.9275209694210421E-003
   7.1600000000000001        7.8486408178249419E-003
   7.1699999999999999        7.7705455368510482E-003
   7.1799999999999997        7.6932273169061849E-003
   7.1900000000000004        7.6166784261039264E-003
   7.2000000000000002        7.5408912094914043E-003
   7.2100000000000000        7.4658580882838010E-003
   7.2199999999999998        7.3915715591064699E-003
   7.2300000000000004        7.3180241932445890E-003
   7.2400000000000002        7.2452086359002833E-003
   7.2500000000000000        7.1731176054571398E-003
   7.2599999999999998        7.1017438927520396E-003
   7.2700000000000005        7.0310803603542346E-003
   7.2800000000000002        6.9611199418516002E-003
   7.2900000000000000        6.8918556411439865E-003
   7.2999999999999998        6.8232805317436033E-003
   7.3100000000000005        6.7553877560823658E-003
   7.3200000000000003        6.6881705248261316E-003
   7.3300000000000001        6.6216221161957620E-003
   7.3399999999999999        6.5557358752949373E-003
   7.3500000000000005        6.4905052134446636E-003
   7.3600000000000003        6.4259236075243972E-003
   7.3700000000000001        6.3619845993197295E-003
   7.3799999999999999        6.2986817948765582E-003
   7.3900000000000006        6.2360088638616883E-003
   7.4000000000000004        6.1739595389297911E-003
   7.4100000000000001        6.1125276150966667E-003
   7.4199999999999999        6.0517069491187389E-003
   7.4299999999999997        5.9914914588787274E-003
   7.4400000000000004        5.9318751227774294E-003
   7.4500000000000002        5.8728519791315546E-003
   7.4600000000000000        5.8144161255775538E-003
   7.4699999999999998        5.7565617184813763E-003
   7.4800000000000004        5.6992829723541008E-003
   7.4900000000000002        5.6425741592733836E-003
   7.5000000000000000        5.5864296083106592E-003
   7.5099999999999998        5.5308437049640460E-003
   7.5200000000000005        5.4758108905968881E-003
   7.5300000000000002        5.4213256618818881E-003
   7.5400000000000000        5.3673825702507724E-003
   7.5499999999999998        5.3139762213494247E-003
   7.5600000000000005        5.2611012744984507E-003
   7.5700000000000003        5.2087524421591041E-003
   7.5800000000000001        5.1569244894045276E-003
   7.5899999999999999        5.1056122333962561E-003
   7.6000000000000005        5.0548105428659292E-003
   7.6100000000000003        5.0045143376021605E-003
   7.6200000000000001        4.9547185879425101E-003
   7.6299999999999999        4.9054183142705167E-003
   7.6400000000000006        4.8566085865177303E-003
   7.6500000000000004        4.8082845236707018E-003
   7.6600000000000001        4.7604412932828761E-003
   7.6699999999999999        4.7130741109913466E-003
   7.6799999999999997        4.6661782400384119E-003
   7.6900000000000004        4.6197489907978976E-003
   7.7000000000000002        4.5737817203061887E-003
   7.7100000000000000        4.5282718317979313E-003
   7.7199999999999998        4.4832147742463494E-003
   7.7300000000000004        4.4386060419081422E-003
   7.7400000000000002        4.3944411738729020E-003
   7.7500000000000000        4.3507157536170219E-003
   7.7599999999999998        4.3074254085620385E-003
   7.7700000000000005        4.2645658096373724E-003
   7.7800000000000002        4.2221326708474149E-003
   7.7900000000000000        4.1801217488429262E-003
   7.7999999999999998        4.1385288424966981E-003
   7.8100000000000005        4.0973497924834358E-003
   7.8200000000000003        4.0565804808638225E-003
   7.8300000000000001        4.0162168306727229E-003
   7.8399999999999999        3.9762548055114815E-003
   7.8500000000000005        3.9366904091442806E-003
   7.8600000000000003        3.8975196850985143E-003
   7.8700000000000001        3.8587387162691365E-003
   7.8799999999999999        3.8203436245269470E-003
   7.8900000000000006        3.7823305703307765E-003
   7.9000000000000004        3.7446957523435279E-003
   7.9100000000000001        3.7074354070520408E-003
   7.9199999999999999        3.6705458083907366E-003
   7.9300000000000006        3.6340232673690081E-003
   7.9400000000000004        3.5978641317023184E-003
   7.9500000000000002        3.5620647854469685E-003
   7.9600000000000000        3.5266216486385007E-003
   7.9699999999999998        3.4915311769336986E-003
   7.9800000000000004        3.4567898612561502E-003
   7.9900000000000002        3.4223942274453369E-003
   8.0000000000000000        3.3883408359092156E-003
   8.0099999999999998        3.3546262812802550E-003
   8.0199999999999996        3.3212471920748970E-003
   8.0299999999999994        3.2882002303564061E-003
   8.0400000000000009        3.2554820914010717E-003
   8.0500000000000007        3.2230895033677335E-003
   8.0600000000000005        3.1910192269705945E-003
   8.0700000000000003        3.1592680551552907E-003
   8.0800000000000001        3.1278328127781812E-003
   8.0899999999999999        3.0967103562888334E-003
   8.0999999999999996        3.0658975734156628E-003
   8.1099999999999994        3.0353913828547055E-003
   8.1200000000000010        3.0051887339614838E-003
   8.1300000000000008        2.9752866064459401E-003
   8.1400000000000006        2.9456820100704048E-003
   8.1500000000000004        2.9163719843505703E-003
   8.1600000000000001        2.8873535982594399E-003
   8.1699999999999999        2.8586239499342227E-003
   8.1799999999999997        2.8301801663861456E-003
   8.1899999999999995        2.8020194032131506E-003
   8.1999999999999993        2.7741388443154541E-003
   8.2100000000000009        2.7465357016139324E-003
   8.2200000000000006        2.7192072147713135E-003
   8.2300000000000004        2.6921506509161395E-003
   8.2400000000000002        2.6653633043694780E-003
   8.2500000000000000        2.6388424963743524E-003
   8.2599999999999998        2.6125855748278626E-003
   8.2699999999999996        2.5865899140159734E-003
   8.2799999999999994        2.5608529143509411E-003
   8.2900000000000009        2.5353720021113520E-003
   8.3000000000000007        2.5101446291847487E-003
   8.3100000000000005        2.4851682728128160E-003
   8.3200000000000003        2.4604404353391032E-003
   8.3300000000000001        2.4359586439592568E-003
   8.3399999999999999        2.4117204504737377E-003
   8.3499999999999996        2.3877234310429991E-003
   8.3599999999999994        2.3639651859451009E-003
   8.3700000000000010        2.3404433393357351E-003
   8.3800000000000008        2.3171555390106395E-003
   8.3900000000000006        2.2940994561703753E-003
   8.4000000000000004        2.2712727851874454E-003
   8.4100000000000001        2.2486732433757298E-003
   8.4199999999999999        2.2262985707622147E-003
   8.4299999999999997        2.2041465298609933E-003
   8.4399999999999995        2.1822149054495157E-003
   8.4499999999999993        2.1605015043470650E-003
   8.4600000000000009        2.1390041551954367E-003
   8.4700000000000006        2.1177207082418012E-003
   8.4800000000000004        2.0966490351237276E-003
   8.4900000000000002        2.0757870286563446E-003
   8.5000000000000000        2.0551326026216205E-003
   8.5099999999999998        2.0346836915597403E-003
   8.5199999999999996        2.0144382505625572E-003
   8.5299999999999994        1.9943942550691004E-003
   8.5400000000000009        1.9745497006631182E-003
   8.5500000000000007        1.9549026028726326E-003
   8.5600000000000005        1.9354509969714921E-003
   8.5700000000000003        1.9161929377828975E-003
   8.5800000000000001        1.8971264994848817E-003
   8.5899999999999999        1.8782497754177266E-003
   8.5999999999999996        1.8595608778932951E-003
   8.6099999999999994        1.8410579380062609E-003
   8.6200000000000010        1.8227391054472164E-003
   8.6300000000000008        1.8046025483176402E-003
   8.6400000000000006        1.7866464529467060E-003
   8.6500000000000004        1.7688690237099135E-003
   8.6600000000000001        1.7512684828495247E-003
   8.6699999999999999        1.7338430702967867E-003
   8.6799999999999997        1.7165910434959232E-003
   8.6899999999999995        1.6995106772298779E-003
   8.7000000000000011        1.6826002634477905E-003
   8.7100000000000009        1.6658581110941912E-003
   8.7200000000000006        1.6492825459398931E-003
   8.7300000000000004        1.6328719104145679E-003
   8.7400000000000002        1.6166245634409878E-003
   8.7500000000000000        1.6005388802709164E-003
   8.7599999999999998        1.5846132523226319E-003
   8.7699999999999996        1.5688460870200685E-003
   8.7799999999999994        1.5532358076335569E-003
   8.7900000000000009        1.5377808531221498E-003
   8.8000000000000007        1.5224796779775176E-003
   8.8100000000000005        1.5073307520693949E-003
   8.8200000000000003        1.4923325604925669E-003
   8.8300000000000001        1.4774836034153777E-003
   8.8399999999999999        1.4627823959297457E-003
   8.8499999999999996        1.4482274679026715E-003
   8.8599999999999994        1.4338173638292235E-003
   8.8700000000000010        1.4195506426869860E-003
   8.8800000000000008        1.4054258777919562E-003
   8.8900000000000006        1.3914416566558740E-003
   8.9000000000000004        1.3775965808449726E-003
   8.9100000000000001        1.3638892658401336E-003
   8.9199999999999999        1.3503183408984339E-003
   8.9299999999999997        1.3368824489160703E-003
   8.9399999999999995        1.3235802462926482E-003
   8.9500000000000011        1.3104104027968203E-003
   8.9600000000000009        1.2973716014332624E-003
   8.9700000000000006        1.2844625383109727E-003
   8.9800000000000004        1.2716819225128816E-003
   8.9900000000000002        1.2590284759667588E-003
   9.0000000000000000        1.2465009333174053E-003
   9.0099999999999998        1.2340980418001171E-003
   9.0199999999999996        1.2218185611154065E-003
   9.0299999999999994        1.2096612633049723E-003
   9.0400000000000009        1.1976249326289029E-003
   9.0500000000000007        1.1857083654441003E-003
   9.0600000000000005        1.1739103700839158E-003
   9.0700000000000003        1.1622297667389819E-003
   9.0800000000000001        1.1506653873392303E-003
   9.0899999999999999        1.1392160754370843E-003
   9.0999999999999996        1.1278806860918126E-003
   9.1099999999999994        1.1166580857550350E-003
   9.1200000000000010        1.1055471521573656E-003
   9.1300000000000008        1.0945467741961857E-003
   9.1400000000000006        1.0836558518245326E-003
   9.1500000000000004        1.0728732959410930E-003
   9.1600000000000001        1.0621980282812936E-003
   9.1699999999999999        1.0516289813094725E-003
   9.1799999999999997        1.0411650981121251E-003
   9.1899999999999995        1.0308053322922118E-003
   9.2000000000000011        1.0205486478645179E-003
   9.2100000000000009        1.0103940191520532E-003
   9.2200000000000006        1.0003404306834845E-003
   9.2300000000000004        9.9038687709158729E-004
   9.2400000000000002        9.8053236301270767E-004
   9.2500000000000000        9.7077590298722590E-004
   9.2599999999999998        9.6111652136100908E-004
   9.2699999999999996        9.5155325218784532E-004
   9.2799999999999994        9.4208513913284810E-004
   9.2900000000000009        9.3271123537682190E-004
   9.3000000000000007        9.2343060352157965E-004
   9.3100000000000005        9.1424231549620209E-004
   9.3200000000000003        9.0514545246422992E-004
   9.3300000000000001        8.9613910473177935E-004
   9.3399999999999999        8.8722237165657196E-004
   9.3499999999999996        8.7839436155786980E-004
   9.3599999999999994        8.6965419162730634E-004
   9.3700000000000010        8.6100098784060533E-004
   9.3800000000000008        8.5243388487017712E-004
   9.3900000000000006        8.4395202599858547E-004
   9.4000000000000004        8.3555456303287528E-004
   9.4100000000000001        8.2724065621975207E-004
   9.4199999999999999        8.1900947416160645E-004
   9.4299999999999997        8.1086019373337336E-004
   9.4399999999999995        8.0279200000021910E-004
   9.4500000000000011        7.9480408613604695E-004
   9.4600000000000009        7.8689565334281401E-004
   9.4700000000000006        7.7906591077065064E-004
   9.4800000000000004        7.7131407543877496E-004
   9.4900000000000002        7.6363937215719415E-004
   9.5000000000000000        7.5604103344918444E-004
   9.5099999999999998        7.4851829947454325E-004
   9.5199999999999996        7.4107041795360427E-004
   9.5299999999999994        7.3369664409200894E-004
   9.5400000000000009        7.2639624050622640E-004
   9.5500000000000007        7.1916847714981452E-004
   9.5600000000000005        7.1201263124041458E-004
   9.5700000000000003        7.0492798718747255E-004
   9.5800000000000001        6.9791383652067932E-004
   9.5899999999999999        6.9096947781912329E-004
   9.5999999999999996        6.8409421664114730E-004
   9.6099999999999994        6.7728736545490434E-004
   9.6200000000000010        6.7054824356960359E-004
   9.6300000000000008        6.6387617706744056E-004
   9.6400000000000006        6.5727049873620506E-004
   9.6500000000000004        6.5073054800255943E-004
   9.6600000000000001        6.4425567086598033E-004
   9.6699999999999999        6.3784521983335850E-004
   9.6799999999999997        6.3149855385424879E-004
   9.6899999999999995        6.2521503825676444E-004
   9.7000000000000011        6.1899404468410948E-004
   9.7100000000000009        6.1283495103174265E-004
   9.7200000000000006        6.0673714138516615E-004
   9.7300000000000004        6.0070000595833400E-004
   9.7400000000000002        5.9472294103267258E-004
   9.7500000000000000        5.8880534889670859E-004
   9.7599999999999998        5.8294663778629707E-004
   9.7699999999999996        5.7714622182544490E-004
   9.7799999999999994        5.7140352096772236E-004
   9.7900000000000009        5.6571796093825820E-004
   9.8000000000000007        5.6008897317631149E-004
   9.8100000000000005        5.5451599477841535E-004
   9.8200000000000003        5.4899846844208599E-004
   9.8300000000000001        5.4353584241009182E-004
   9.8399999999999999        5.3812757041527763E-004
   9.8499999999999996        5.3277311162593707E-004
   9.8599999999999994        5.2747193059172917E-004
   9.8700000000000010        5.2222349719013297E-004
   9.8800000000000008        5.1702728657343478E-004
   9.8900000000000006        5.1188277911624273E-004
   9.9000000000000004        5.0678946036352411E-004
   9.9100000000000001        5.0174682097915929E-004
   9.9199999999999999        4.9675435669500770E-004
   9.9299999999999997        4.9181156826048054E-004
   9.9399999999999995        4.8691796139261554E-004
   9.9500000000000011        4.8207304672664796E-004
   9.9600000000000009        4.7727633976707380E-004
   9.9700000000000006        4.7252736083919992E-004
   9.9800000000000004        4.6782563504117617E-004
   9.9900000000000002        4.6317069219650465E-004
   10.000000000000000        4.5856206680702186E-004
