   7.8539818525314338E-003   9.9999997764825821E-003
   1.5707963705062868E-002   9.9998969680969163E-003
   2.3561945557594301E-002   9.9992801262477650E-003
   3.1415927410125735E-002   9.9980464880070827E-003
   3.9269909262657166E-002   9.9961961273571254E-003
   4.7123891115188603E-002   9.9937291573794339E-003
   5.4977872967720040E-002   9.9906457302475649E-003
   6.2831854820251470E-002   9.9869460361608521E-003
   7.0685836672782901E-002   9.9826303033326933E-003
   7.8539818525314331E-002   9.9776987979764645E-003
   8.6393800377845775E-002   9.9721518242890991E-003
   9.4247782230377206E-002   9.9659897244323229E-003
  0.10210176408290864        9.9592128785115502E-003
  0.10995574593544008        9.9518217045524333E-003
  0.11780972778797151        9.9438166584750794E-003
  0.12566370964050294        9.9351982340659274E-003
  0.13351769149303438        9.9259669629472875E-003
  0.14137167334556580        9.9161234145445504E-003
  0.14922565519809725        9.9056681960510637E-003
  0.15707963705062866        9.8946019523906727E-003
  0.16493361890316011        9.8829253661779411E-003
  0.17278760075569155        9.8706391576760446E-003
  0.18064158260822297        9.8577440847523474E-003
  0.18849556446075441        9.8442409428316398E-003
  0.19634954631328586        9.8301305648470887E-003
  0.20420352816581727        9.8154138211888498E-003
  0.21205751001834872        9.8000916196503730E-003
  0.21991149187088016        9.7841649053724208E-003
  0.22776547372341158        9.7676346607847558E-003
  0.23561945557594302        9.7505019055455430E-003
  0.24347343742847444        9.7327676964784563E-003
  0.25132741928100588        9.7144331275074818E-003
  0.25918140113353733        9.6954993295894475E-003
  0.26703538298606877        9.6759674706442551E-003
  0.27488936483860016        9.6558387554828446E-003
  0.28274334669113160        9.6351144257328658E-003
  0.29059732854366305        9.6137957597620984E-003
  0.29845131039619449        9.5918840725995914E-003
  0.30630529224872594        9.5693807158545498E-003
  0.31415927410125732        9.5462870776329596E-003
  0.32201325595378877        9.5226045824519639E-003
  0.32986723780632021        9.4983346911519904E-003
  0.33772121965885166        9.4734789008066450E-003
  0.34557520151138310        9.4480387446303597E-003
  0.35342918336391455        9.4220157918838213E-003
  0.36128316521644593        9.3954116477771733E-003
  0.36913714706897738        9.3682279533709948E-003
  0.37699112892150882        9.3404663854750793E-003
  0.38484511077404027        9.3121286565449931E-003
  0.39269909262657171        9.2832165145764495E-003
  0.40055307447910310        9.2537317429974859E-003
  0.40840705633163454        9.2236761605584520E-003
  0.41626103818416599        9.1930516212198193E-003
  0.42411502003669743        9.1618600140378204E-003
  0.43196900188922888        9.1301032630479294E-003
  0.43982298374176032        9.0977833271461746E-003
  0.44767696559429171        9.0649021999683038E-003
  0.45553094744682315        9.0314619097668115E-003
  0.46338492929935460        8.9974645192858263E-003
  0.47123891115188604        8.9629121256338696E-003
  0.47909289300441749        8.9278068601545031E-003
  0.48694687485694887        8.8921508882948471E-003
  0.49480085670948032        8.8559464094720187E-003
  0.50265483856201176        8.8191956569374542E-003
  0.51050882041454315        8.7819008976391510E-003
  0.51836280226707465        8.7440644320818418E-003
  0.52621678411960604        8.7056885941850758E-003
  0.53407076597213754        8.6667757511392669E-003
  0.54192474782466893        8.6273283032596623E-003
  0.54977872967720032        8.5873486838382862E-003
  0.55763271152973182        8.5468393589938473E-003
  0.56548669338226321        8.5058028275196099E-003
  0.57334067523479471        8.4642416207292622E-003
  0.58119465708732609        8.4221583023007737E-003
  0.58904863893985748        8.3795554681182563E-003
  0.59690262079238898        8.3364357461118335E-003
  0.60475660264492037        8.2928017960955461E-003
  0.61261058449745187        8.2486563096032771E-003
  0.62046456634998326        8.2040020097227315E-003
  0.62831854820251465        8.1588416509274595E-003
  0.63617253005504615        8.1131780189069493E-003
  0.64402651190757754        8.0670139303947973E-003
  0.65188049376010904        8.0203522329949511E-003
  0.65973447561264043        7.9731958050060676E-003
  0.66758845746517192        7.9255475552439600E-003
  0.67544243931770331        7.8774104228621720E-003
  0.68329642117023470        7.8287873771706734E-003
  0.69115040302276620        7.7796814174527070E-003
  0.69900438487529759        7.7300955727797726E-003
  0.70685836672782909        7.6800329018247874E-003
  0.71471234858036048        7.6294964926734085E-003
  0.72256633043289187        7.5784894626335477E-003
  0.73042031228542337        7.5270149580430818E-003
  0.73827429413795476        7.4750761540757753E-003
  0.74612827599048626        7.4226762545454182E-003
  0.75398225784301764        7.3698184917082021E-003
  0.76183623969554903        7.3165061260633407E-003
  0.76969022154808053        7.2627424461519478E-003
  0.77754420340061192        7.2085307683541844E-003
  0.78539818525314342        7.1538744366846929E-003
  0.79325216710567481        7.0987768225863196E-003
  0.80110614895820620        7.0432413247221532E-003
  0.80896013081073770        6.9872713687658761E-003
  0.81681411266326909        6.9308704071904580E-003
  0.82466809451580059        6.8740419190551887E-003
  0.83252207636833198        6.8167894097910763E-003
  0.84037605822086336        6.7591164109846169E-003
  0.84823004007339486        6.7010264801599505E-003
  0.85608402192592625        6.6425232005594154E-003
  0.86393800377845775        6.5836101809225228E-003
  0.87179198563098914        6.5242910552633484E-003
  0.87964596748352064        6.4645694826463741E-003
  0.88749994933605203        6.4044491469607782E-003
  0.89535393118858342        6.3439337566931998E-003
  0.90320791304111492        6.2830270446989807E-003
  0.91106189489364631        6.2217327679719081E-003
  0.91891587674617781        6.1600547074124653E-003
  0.92676985859870920        6.0979966675946094E-003
  0.93462384045124058        6.0355624765310902E-003
  0.94247782230377208        5.9727559854373191E-003
  0.95033180415630347        5.9095810684938101E-003
  0.95818578600883497        5.8460416226072042E-003
  0.96603976786136636        5.7821415671698902E-003
  0.97389374971389775        5.7178848438182396E-003
  0.98174773156642925        5.6532754161894684E-003
  0.98960171341896064        5.5883172696771432E-003
  0.99745569527149214        5.5230144111853450E-003
   1.0053096771240235        5.4573708688815054E-003
   1.0131636589765549        5.3913906919479315E-003
   1.0210176408290863        5.3250779503320337E-003
   1.0288716226816179        5.2584367344952745E-003
   1.0367256045341493        5.1914711551608508E-003
   1.0445795863866807        5.1241853430601262E-003
   1.0524335682392121        5.0565834486778292E-003
   1.0602875500917435        4.9886696419960321E-003
   1.0681415319442751        4.9204481122369324E-003
   1.0759955137968065        4.8519230676044361E-003
   1.0838494956493379        4.7830987350245832E-003
   1.0917034775018692        4.7139793598848104E-003
   1.0995574593544006        4.6445692057720750E-003
   1.1074114412069322        4.5748725542098618E-003
   1.1152654230594636        4.5048937043940763E-003
   1.1231194049119950        4.4346369729278533E-003
   1.1309733867645264        4.3641066935552909E-003
   1.1388273686170578        4.2933072168941247E-003
   1.1466813504695894        4.2222429101673609E-003
   1.1545353323221208        4.1509181569338886E-003
   1.1623893141746522        4.0793373568180843E-003
   1.1702432960271836        4.0075049252384209E-003
   1.1780972778797150        3.9354252931351075E-003
   1.1859512597322466        3.8631029066967665E-003
   1.1938052415847780        3.7905422270861759E-003
   1.2016592234373094        3.7177477301650846E-003
   1.2095132052898407        3.6447239062181208E-003
   1.2173671871423721        3.5714752596758118E-003
   1.2252211689949037        3.4980063088367315E-003
   1.2330751508474351        3.4243215855887911E-003
   1.2409291326999665        3.3504256351296930E-003
   1.2487831145524979        3.2763230156865625E-003
   1.2566370964050293        3.2020182982347768E-003
   1.2644910782575609        3.1275160662160065E-003
   1.2723450601100923        3.0528209152554885E-003
   1.2801990419626237        2.9779374528785493E-003
   1.2880530238151551        2.9028702982263912E-003
   1.2959070056676867        2.8276240817711636E-003
   1.3037609875202181        2.7522034450303350E-003
   1.3116149693727495        2.6766130402803845E-003
   1.3194689512252809        2.6008575302698279E-003
   1.3273229330778122        2.5249415879315994E-003
   1.3351769149303438        2.4488698960948053E-003
   1.3430308967828752        2.3726471471958647E-003
   1.3508848786354066        2.2962780429890612E-003
   1.3587388604879380        2.2197672942565168E-003
   1.3665928423404694        2.1431196205176106E-003
   1.3744468241930010        2.0663397497378590E-003
   1.3823008060455324        1.9894324180372716E-003
   1.3901547878980638        1.9124023693982096E-003
   1.3980087697505952        1.8352543553727535E-003
   1.4058627516031266        1.7579931347896077E-003
   1.4137167334556582        1.6806234734605548E-003
   1.4215707153081896        1.6031501438864796E-003
   1.4294246971607210        1.5255779249629801E-003
   1.4372786790132523        1.4479116016855836E-003
   1.4451326608657837        1.3701559648545882E-003
   1.4529866427183153        1.2923158107795447E-003
   1.4608406245708467        1.2143959409833987E-003
   1.4686946064233781        1.1364011619063121E-003
   1.4765485882759095        1.0583362846091811E-003
   1.4844025701284409        9.8020612447686757E-004
   1.4922565519809725        9.0201550092116624E-004
   1.5001105338335039        8.2376923708352124E-004
   1.5079645156860353        7.4547215953751412E-004
   1.5158184975385667        6.6712909799113943E-004
   1.5236724793910981        5.8874488498888685E-004
   1.5315264612436297        5.1032435561364903E-004
   1.5393804430961611        4.3187234718847185E-004
   1.5472344249486925        3.5339369897816769E-004
   1.5550884068012238        2.7489325189080792E-004
   1.5629423886537552        1.9637584817911439E-004
   1.5707963705062868        1.1784633114176812E-004
   1.5786503523588182        3.9309544824653382E-005
   1.5865043342113496       -3.9229666277944478E-005
   1.5943583160638810       -1.1776645752216867E-004
   1.6022122979164124       -1.9629598441342987E-004
   1.6100662797689440       -2.7481340290523614E-004
   1.6179202616214754       -3.5331386969799462E-004
   1.6257742434740068       -4.3179254253776804E-004
   1.6336282253265382       -5.1024458051496583E-004
   1.6414822071790696       -5.8866514436295284E-004
   1.6493361890316012       -6.6704939675655672E-004
   1.6571901708841326       -7.4539250261045509E-004
   1.6650441527366640       -8.2368962937742535E-004
   1.6728981345891953       -9.0193594734643673E-004
   1.6807521164417267       -9.8012662994056889E-004
   1.6886060982942583       -1.0582568540147359E-003
   1.6964600801467897       -1.1363218001531992E-003
   1.7043140619993211       -1.2143166529668501E-003
   1.7121680438518525       -1.2922366013902445E-003
   1.7200220257043839       -1.3700768389783707E-003
   1.7278760075569155       -1.4478325642031315E-003
   1.7357299894094469       -1.5254989807495240E-003
   1.7435839712619783       -1.6030712978114970E-003
   1.7514379531145097       -1.6805447303874694E-003
   1.7592919349670413       -1.7579144995754901E-003
   1.7671459168195727       -1.8351758328680214E-003
   1.7749998986721041       -1.9123239644463284E-003
   1.7828538805246354       -1.9893541354744559E-003
   1.7907078623771668       -2.0662615943927735E-003
   1.7985618442296984       -2.1430415972110736E-003
   1.8064158260822298       -2.2196894078012016E-003
   1.8142698079347612       -2.2962002981892007E-003
   1.8221237897872926       -2.3725695488469533E-003
   1.8299777716398240       -2.4487924489833041E-003
   1.8378317534923556       -2.5248642968346410E-003
   1.8456857353448870       -2.6007803999549203E-003
   1.8535397171974184       -2.6765360755051197E-003
   1.8613936990499498       -2.7521266505420939E-003
   1.8692476809024812       -2.8275474623068227E-003
   1.8771016627550128       -2.9027938585120317E-003
   1.8849556446075442       -2.9778611976291653E-003
   1.8928096264600756       -3.0527448491746950E-003
   1.9006636083126069       -3.1274401939957504E-003
   1.9085175901651383       -3.2019426245550480E-003
   1.9163715720176699       -3.2762475452151035E-003
   1.9242255538702013       -3.3503503725217116E-003
   1.9320795357227327       -3.4242465354866738E-003
   1.9399335175752641       -3.4979314758697574E-003
   1.9477874994277955       -3.5714006484598663E-003
   1.9556414812803271       -3.6446495213554109E-003
   1.9634954631328585       -3.7176735762438559E-003
   1.9713494449853899       -3.7904683086804284E-003
   1.9792034268379213       -3.8630292283659733E-003
   1.9870574086904527       -3.9353518594239332E-003
   1.9949113905429843       -4.0074317406764409E-003
   2.0027653723955154       -4.0792644259195062E-003
   2.0106193542480471       -4.1508454841972737E-003
   2.0184733361005787       -4.2221705000753456E-003
   2.0263273179531098       -4.2932350739131467E-003
   2.0341812998056414       -4.3640348221353105E-003
   2.0420352816581726       -4.4345653775020796E-003
   2.0498892635107042       -4.5048223893786946E-003
   2.0577432453632358       -4.5748015240037621E-003
   2.0655972272157670       -4.6444984647565800E-003
   2.0734512090682986       -4.7139089124234026E-003
   2.0813051909208298       -4.7830285854626392E-003
   2.0891591727733614       -4.8518532202689573E-003
   2.0970131546258930       -4.9203785714362781E-003
   2.1048671364784242       -4.9886004120196538E-003
   2.1127211183309558       -5.0565145337960037E-003
   2.1205751001834869       -5.1241167475236981E-003
   2.1284290820360185       -5.1914028832009641E-003
   2.1362830638885502       -5.2583687903231154E-003
   2.1441370457410813       -5.3250103381385699E-003
   2.1519910275936129       -5.3913234159036526E-003
   2.1598450094461441       -5.4573039331361674E-003
   2.1676989912986757       -5.5229478198677122E-003
   2.1755529731512073       -5.5882510268947354E-003
   2.1834069550037385       -5.6532095260283070E-003
   2.1912609368562701       -5.7178193103425952E-003
   2.1991149187088013       -5.7820763944220329E-003
   2.2069689005613329       -5.8459768146071518E-003
   2.2148228824138645       -5.9095166292390828E-003
   2.2226768642663957       -5.9726919189026922E-003
   2.2305308461189273       -6.0354987866683496E-003
   2.2383848279714584       -6.0979333583323055E-003
   2.2462388098239900       -6.1599917826556721E-003
   2.2540927916765217       -6.2216702316019827E-003
   2.2619467735290528       -6.2829649005733236E-003
   2.2698007553815844       -6.3438720086450165E-003
   2.2776547372341156       -6.4043877987988440E-003
   2.2855087190866472       -6.4645085381547975E-003
   2.2933627009391788       -6.5242305182013401E-003
   2.3012166827917100       -6.5835500550241594E-003
   2.3090706646442416       -6.6424634895334133E-003
   2.3169246464967728       -6.7009671876894347E-003
   2.3247786283493044       -6.7590575407268970E-003
   2.3326326102018360       -6.8167309653774178E-003
   2.3404865920543672       -6.8739839040905899E-003
   2.3483405739068988       -6.9308128252534287E-003
   2.3561945557594299       -6.9872142234082141E-003
   2.3640485376119615       -7.0431846194687273E-003
   2.3719025194644932       -7.0987205609348526E-003
   2.3797565013170243       -7.1538186221055435E-003
   2.3876104831695559       -7.2084754042901367E-003
   2.3954644650220871       -7.2626875360179968E-003
   2.4033184468746187       -7.3164516732464819E-003
   2.4111724287271503       -7.3697644995672218E-003
   2.4190264105796815       -7.4226227264106879E-003
   2.4268803924322131       -7.4750230932490447E-003
   2.4347343742847443       -7.5269623677972760E-003
   2.4425883561372759       -7.5784373462125651E-003
   2.4504423379898075       -7.6294448532919206E-003
   2.4582963198423387       -7.6799817426680414E-003
   2.4661503016948703       -7.7300448970033936E-003
   2.4740042835474014       -7.7796312281825037E-003
   2.4818582653999330       -7.8287376775024470E-003
   2.4897122472524646       -7.8773612158615225E-003
   2.4975662291049958       -7.9254988439461001E-003
   2.5054202109575274       -7.9731475924156303E-003
   2.5132741928100586       -8.0203045220858110E-003
   2.5211281746625902       -8.0669667241098815E-003
   2.5289821565151218       -8.1131313201580624E-003
   2.5368361383676530       -8.1587954625950976E-003
   2.5446901202201846       -8.2039563346559055E-003
   2.5525441020727162       -8.2486111506193411E-003
   2.5603980839252474       -8.2927571559800184E-003
   2.5682520657777790       -8.3363916276182302E-003
   2.5761060476303101       -8.3795118739679163E-003
   2.5839600294828418       -8.4221152351826954E-003
   2.5918140113353734       -8.4641990832999316E-003
   2.5996679931879045       -8.5057608224028414E-003
   2.6075219750404361       -8.5467978887806238E-003
   2.6153759568929673       -8.5873077510865946E-003
   2.6232299387454989       -8.6272879104943353E-003
   2.6310839205980305       -8.6667359008518342E-003
   2.6389379024505617       -8.7056492888336022E-003
   2.6467918843030933       -8.7440256740907787E-003
   2.6546458661556245       -8.7818626893991902E-003
   2.6624998480081561       -8.8191580008053737E-003
   2.6703538298606877       -8.8559093077705455E-003
   2.6782078117132189       -8.8921143433125065E-003
   2.6860617935657505       -8.9277708741454815E-003
   2.6939157754182816       -8.9628767008178758E-003
   2.7017697572708133       -8.9974296578479492E-003
   2.7096237391233449       -9.0314276138573953E-003
   2.7174777209758760       -9.0648684717028055E-003
   2.7253317028284076       -9.0977501686050396E-003
   2.7331856846809388       -9.1300706762764607E-003
   2.7410396665334704       -9.1618280010460507E-003
   2.7488936483860020       -9.1930201839823898E-003
   2.7567476302385332       -9.2236453010144919E-003
   2.7646016120910648       -9.2537014630504882E-003
   2.7724555939435960       -9.2831868160941564E-003
   2.7803095757961276       -9.3120995413592811E-003
   2.7881635576486592       -9.3404378553818470E-003
   2.7960175395011904       -9.3682000101300514E-003
   2.8038715213537220       -9.3953842931121263E-003
   2.8117255032062531       -9.4219890274819754E-003
   2.8195794850587848       -9.4480125721426098E-003
   2.8274334669113164       -9.4734533218473766E-003
   2.8352874487638475       -9.4983097072989780E-003
   2.8431414306163791       -9.5225801952462732E-003
   2.8509954124689103       -9.5462632885788563E-003
   2.8588493943214419       -9.5693575264194017E-003
   2.8667033761739735       -9.5918614842137821E-003
   2.8745573580265047       -9.6137737738189351E-003
   2.8824113398790363       -9.6350930435884982E-003
   2.8902653217315675       -9.6558179784561760E-003
   2.8981193035840991       -9.6759473000168662E-003
   2.9059732854366307       -9.6954797666055116E-003
   2.9138272672891619       -9.7144141733736932E-003
   2.9216812491416935       -9.7327493523639546E-003
   2.9295352309942246       -9.7504841725818397E-003
   2.9373892128467562       -9.7676175400656633E-003
   2.9452431946992879       -9.7841483979539887E-003
   2.9530971765518190       -9.8000757265508196E-003
   2.9609511584043506       -9.8153985433885003E-003
   2.9688051402568818       -9.8301159032883195E-003
   2.9766591221094134       -9.8442268984188109E-003
   2.9845131039619450       -9.8577306583517519E-003
   2.9923670858144762       -9.8706263501158586E-003
   3.0002210676670078       -9.8829131782481646E-003
   3.0080750495195390       -9.8945903848430897E-003
   3.0159290313720706       -9.9056572495991920E-003
   3.0237830132246022       -9.9161130898635930E-003
   3.0316369950771334       -9.9259572606740943E-003
   3.0394909769296650       -9.9351891547989606E-003
   3.0473449587821961       -9.9438082027743721E-003
   3.0551989406347277       -9.9518138729395526E-003
   3.0630529224872594       -9.9592056714695697E-003
   3.0709069043397905       -9.9659831424057932E-003
   3.0787608861923221       -9.9721458676840149E-003
   3.0866148680448533       -9.9776934671602438E-003
   3.0944688498973849       -9.9826255986341546E-003
   3.1023228317499165       -9.9869419578701938E-003
   3.1101768136024477       -9.9906422786163445E-003
   3.1180307954549793       -9.9937263326205575E-003
   3.1258847773075105       -9.9961939296448199E-003
   3.1337387591600421       -9.9980449174768993E-003
   3.1415927410125737       -9.9992791819397270E-003
   3.1494467228651049       -9.9998966468984474E-003
   3.1573007047176365       -9.9998972742651061E-003
   3.1651546865701676       -9.9992810640010064E-003
   3.1730086684226992       -9.9980480541167066E-003
   3.1808626502752309       -9.9961983206696761E-003
   3.1887166321277620       -9.9937319777596116E-003
   3.1965706139802936       -9.9906491775213838E-003
   3.2044245958328248       -9.9869501101156680E-003
   3.2122785776853564       -9.9826350037172072E-003
   3.2201325595378880       -9.9777041245007348E-003
   3.2279865413904192       -9.9721577766245639E-003
   3.2358405232429508       -9.9659963022118159E-003
   3.2436945050954820       -9.9592200813293265E-003
   3.2515484869480136       -9.9518295319641903E-003
   3.2594024688005452       -9.9438251099979880E-003
   3.2672564506530763       -9.9352073091786598E-003
   3.2751104325056080       -9.9259766610900520E-003
   3.2829644143581391       -9.9161337351191224E-003
   3.2908183962106707       -9.9056791384208240E-003
   3.2986723780632023       -9.8946135158806472E-003
   3.3065263599157335       -9.8829375500748429E-003
   3.3143803417682651       -9.8706519612283203E-003
   3.3222343236207963       -9.8577575071702138E-003
   3.3300883054733279       -9.8442549832871463E-003
   3.3379422873258595       -9.8301452224741574E-003
   3.3457962691783907       -9.8154290950833323E-003
   3.3536502510309223       -9.8001075088701099E-003
   3.3615042328834535       -9.7841814089372949E-003
   3.3693582147359851       -9.7676517776767550E-003
   3.3772121965885167       -9.7505196347088229E-003
   3.3850661784410478       -9.7327860368194019E-003
   3.3929201602935795       -9.7144520778947828E-003
   3.4007741421461106       -9.6955188888541589E-003
   3.4086281239986422       -9.6759876375798765E-003
   3.4164821058511738       -9.6558595288453904E-003
   3.4243360877037050       -9.6351358042409425E-003
   3.4321900695562366       -9.6138177420969848E-003
   3.4400440514087678       -9.5919066574053202E-003
   3.4478980332612994       -9.5694039017379922E-003
   3.4557520151138310       -9.5463108631639090E-003
   3.4636059969663622       -9.5226289661632223E-003
   3.4714599788188938       -9.4983596715394660E-003
   3.4793139606714250       -9.4735044763294366E-003
   3.4871679425239566       -9.4480649137108560E-003
   3.4950219243764882       -9.4220425529077997E-003
   3.5028759062290193       -9.3954389990938952E-003
   3.5107298880815510       -9.3682558932933115E-003
   3.5185838699340826       -9.3404949122795327E-003
   3.5264378517866137       -9.3121577684719247E-003
   3.5342918336391453       -9.2832462098301084E-003
   3.5421458154916765       -9.2537620197461375E-003
   3.5499997973442081       -9.2237070169344931E-003
   3.5578537791967397       -9.1930830553198922E-003
   3.5657077610492709       -9.1618920239229327E-003
   3.5735617429018025       -9.1301358467435687E-003
   3.5814157247543337       -9.0978164826424363E-003
   3.5892697066068653       -9.0649359252200114E-003
   3.5971236884593969       -9.0314962026936431E-003
   3.6049776703119281       -8.9974993777724444E-003
   3.6128316521644597       -8.9629475475300497E-003
   3.6206856340169908       -8.9278428432752657E-003
   3.6285396158695224       -8.8921874304205978E-003
   3.6363935977220541       -8.8559835083486770E-003
   3.6442475795745852       -8.8192333102765971E-003
   3.6521015614271168       -8.7819391031181571E-003
   3.6599555432796480       -8.7441031873440270E-003
   3.6678095251321796       -8.7057278968398471E-003
   3.6756635069847112       -8.6668155987622616E-003
   3.6835174888372424       -8.6273686933929054E-003
   3.6913714706897740       -8.5873896139903368E-003
   3.6992254525423052       -8.5468808266399524E-003
   3.7070794343948368       -8.5058448301018625E-003
   3.7149334162473684       -8.4642841556567591E-003
   3.7227873980998996       -8.4222013669497733E-003
   3.7306413799524312       -8.3795990598323402E-003
   3.7384953618049623       -8.3364798622020744E-003
   3.7463493436574939       -8.2928464338406695E-003
   3.7542033255100256       -8.2487014662498311E-003
   3.7620573073625567       -8.2040476824852566E-003
   3.7699112892150883       -8.1588878369886590E-003
   3.7777652710676195       -8.1132247154178626E-003
   3.7856192529201511       -8.0670611344749767E-003
   3.7934732347726827       -8.0203999417326442E-003
   3.8013272166252139       -7.9732440154583889E-003
   3.8091811984777455       -7.9255962644370782E-003
   3.8170351803302767       -7.8774596277914888E-003
   3.8248891621828083       -7.8288370748010108E-003
   3.8327431440353399       -7.7797316047184973E-003
   3.8405971258878711       -7.7301462465852455E-003
   3.8484511077404027       -7.6800840590441595E-003
   3.8563050895929338       -7.6295481301510773E-003
   3.8641590714454654       -7.5785415771842867E-003
   3.8720130532979971       -7.5270675464522369E-003
   3.8798670351505282       -7.4751292130994613E-003
   3.8877210170030598       -7.4227297809107209E-003
   3.8955749988555910       -7.3698724821133800E-003
   3.9034289807081226       -7.3165605771780282E-003
   3.9112829625606542       -7.2627973546173612E-003
   3.9191369444131854       -7.2085861307833281E-003
   3.9269909262657170       -7.1539302496625694E-003
   3.9348449081182482       -7.0988330826701395E-003
   3.9426988899707798       -7.0432980284415459E-003
   3.9505528718233114       -6.9873285126231073E-003
   3.9584068536758426       -6.9309279876606433E-003
   3.9662608355283742       -6.8740999325865122E-003
   3.9741148173809053       -6.8168478528050072E-003
   3.9819687992334369       -6.7591752798761336E-003
   3.9898227810859686       -6.7010857712977608E-003
   3.9976767629384997       -6.6425829102861817E-003
   4.0055307447910309       -6.5836703055550862E-003
   4.0133847266435625       -6.5243515910929570E-003
   4.0212387084960941       -6.4646304259389116E-003
   4.0290926903486257       -6.4045104939569946E-003
   4.0369466722011573       -6.3439955036089426E-003
   4.0448006540536880       -6.2830891877254285E-003
   4.0526546359062197       -6.2217953032758060E-003
   4.0605086177587513       -6.1601176311363607E-003
   4.0683625996112829       -6.0980599758570907E-003
   4.0762165814638145       -6.0356261654270250E-003
   4.0840705633163452       -5.9728200510380958E-003
   4.0919245451688768       -5.9096455068475820E-003
   4.0997785270214084       -5.8461064297391308E-003
   4.1076325088739400       -5.7822067390823819E-003
   4.1154864907264717       -5.7179503764912057E-003
   4.1233404725790024       -5.6533413055805653E-003
   4.1311944544315340       -5.5883835117220238E-003
   4.1390484362840656       -5.5230810017979090E-003
   4.1469024181365972       -5.4574378039541505E-003
   4.1547563999891288       -5.3914579673518086E-003
   4.1626103818416595       -5.3251455619172999E-003
   4.1704643636941912       -5.2585046780913502E-003
   4.1783183455467228       -5.1915394265766770E-003
   4.1861723273992544       -5.1242539380844214E-003
   4.1940263092517860       -5.0566523630793505E-003
   4.2018802911043167       -4.9887388715238370E-003
   4.2097342729568483       -4.9205176526206382E-003
   4.2175882548093799       -4.8519929145544871E-003
   4.2254422366619115       -4.7831688842325118E-003
   4.2332962185144432       -4.7140498070235050E-003
   4.2411502003669739       -4.6446399464960464E-003
   4.2490041822195055       -4.5749435841555110E-003
   4.2568581640720371       -4.5049650191799646E-003
   4.2647121459245687       -4.4347085681549717E-003
   4.2725661277771003       -4.3641785648073309E-003
   4.2804201096296310       -4.2933793597377500E-003
   4.2882740914821627       -4.2223153201524834E-003
   4.2961280733346943       -4.1509908295939433E-003
   4.3039820551872259       -4.0794102876703020E-003
   4.3118360370397575       -4.0075781097841058E-003
   4.3196900188922882       -3.9354987268599142E-003
   4.3275440007448198       -3.8631765850709807E-003
   4.3353979825973514       -3.7906161455649916E-003
   4.3432519644498830       -3.7178218841888849E-003
   4.3511059463024147       -3.6447982912127591E-003
   4.3589599281549454       -3.5715498710528950E-003
   4.3668139100074770       -3.4980811419939020E-003
   4.3746678918600086       -3.4243966359100110E-003
   4.3825218737125402       -3.3505008979855281E-003
   4.3903758555650718       -3.2763984864344693E-003
   4.3982298374176025       -3.2020939722193875E-003
   4.4060838192701341       -3.1275919387694167E-003
   4.4139378011226658       -3.0528969816975460E-003
   4.4217917829751974       -2.9780137085171415E-003
   4.4296457648277290       -2.9029467383577348E-003
   4.4374997466802597       -2.8277007016800949E-003
   4.4453537285327913       -2.7522802399906018E-003
   4.4532077103853229       -2.6766900055549357E-003
   4.4610616922378545       -2.6009346611111069E-003
   4.4689156740903861       -2.5250188795818370E-003
   4.4767696559429169       -2.4489473437863123E-003
   4.4846236377954485       -2.3727247461513270E-003
   4.4924776196479801       -2.2963557884218338E-003
   4.5003316015005117       -2.2198451813709194E-003
   4.5081855833530433       -2.1431976445092241E-003
   4.5160395652055740       -2.0664179057938202E-003
   4.5238935470581056       -1.9895107013365720E-003
   4.5317475289106373       -1.9124807751119907E-003
   4.5396015107631689       -1.8353328786646060E-003
   4.5474554926157005       -1.7580717708158698E-003
   4.5553094744682312       -1.6807022173706107E-003
   4.5631634563207628       -1.6032289908230590E-003
   4.5710174381732944       -1.5256568700624570E-003
   4.5788714200258260       -1.4479906400782772E-003
   4.5867254018783576       -1.3702350916650627E-003
   4.5945793837308884       -1.2923950211269106E-003
   4.6024333655834200       -1.2144752299816136E-003
   4.6102873474359516       -1.1364805246644823E-003
   4.6181413292884832       -1.0584157162318623E-003
   4.6259953111410148       -9.8028562006436813E-004
   4.6338492929935455       -9.0209505556984875E-004
   4.6417032748460771       -8.2384884588610516E-004
   4.6495572566986088       -7.4555181758337861E-004
   4.6574112385511404       -6.6720880036662592E-004
   4.6652652204036720       -5.8882462677760253E-004
   4.6731192022562027       -5.1040413189676966E-004
   4.6809731841087343       -4.3195215304504559E-004
   4.6888271659612659       -3.5347352948541844E-004
   4.6966811478137975       -2.7497310212443898E-004
   4.7045351296663291       -1.9645571321361225E-004
   4.7123891115188599       -1.1792620605070633E-004
   4.7202430933713915       -3.9389424680996375E-005
   4.7280970752239231        3.9149786401537443E-005
   4.7359510570764547        1.1768658255303959E-004
   4.7438050389289863        1.9621611927861808E-004
   4.7516590207815170        2.7473355253117423E-004
   4.7595130026340486        3.5323403901020480E-004
   4.7673669844865803        4.3171273646055807E-004
   4.7752209663391119        5.1016480397112548E-004
   4.7830749481916435        5.8858540227345010E-004
   4.7909289300441742        6.6696969404023425E-004
   4.7987829118967058        7.4531284418372686E-004
   4.8066368937492374        8.2361002015397323E-004
   4.8144908756017690        9.0185639223690781E-004
   4.8223448574543006        9.8004713385227210E-004
   4.8301988393068314        1.0581774218513394E-003
   4.8380528211593630        1.1362424368144281E-003
   4.8459068030118946        1.2142373633481842E-003
   4.8537607848644262        1.2921573903826161E-003
   4.8616147667169578        1.3699977114678631E-003
   4.8694687485694885        1.4477535250706772E-003
   4.8773227304220201        1.5254200348706040E-003
   4.8851767122745517        1.6029924500558406E-003
   4.8930306941270834        1.6804659856187528E-003
   4.9008846759796150        1.7578358626510367E-003
   4.9087386578321457        1.8350973086385023E-003
   4.9165926396846773        1.9122455577554635E-003
   4.9244466215372089        1.9892758511587147E-003
   4.9323006033897405        2.0661834372810764E-003
   4.9401545852422721        2.1429635721244952E-003
   4.9480085670948029        2.2196115195526724E-003
   4.9558625489473345        2.2961225515832099E-003
   4.9637165307998661        2.3724919486792537E-003
   4.9715705126523977        2.4487150000406153E-003
   4.9794244945049293        2.5247870038943541E-003
   4.9872784763574600        2.6007032677848045E-003
   4.9951324582099916        2.6764591088630262E-003
   5.0029864400625232        2.7520498541756633E-003
   5.0108404219150549        2.8274708409531928E-003
   5.0186944037675865        2.9027174168975442E-003
   5.0265483856201172        2.9777849404690748E-003
   5.0344023674726488        3.0526687811728787E-003
   5.0422563493251804        3.1273643198444171E-003
   5.0501103311777120        3.2018669489344486E-003
   5.0579643130302436        3.2761720727932432E-003
   5.0658182948827752        3.3502751079540608E-003
   5.0736722767353060        3.4241714834158826E-003
   5.0815262585878376        3.4978566409253672E-003
   5.0893802404403692        3.5713260352580258E-003
   5.0972342222929008        3.6445751344985904E-003
   5.1050882041454324        3.7175994203205638E-003
   5.1129421859979631        3.7903943882649279E-003
   5.1207961678504947        3.8629555480180003E-003
   5.1286501497030264        3.9352784236884155E-003
   5.1365041315555580        4.0073585540832185E-003
   5.1443581134080896        4.0791914929830487E-003
   5.1522120952606203        4.1507728094164059E-003
   5.1600660771131519        4.2220980879329678E-003
   5.1679200589656835        4.2931629288759576E-003
   5.1757740408182151        4.3639629486535332E-003
   5.1836280226707467        4.4344937800091869E-003
   5.1914820045232775        4.5047510722911353E-003
   5.1993359863758091        4.5747304917206875E-003
   5.2071899682283407        4.6444277216595728E-003
   5.2150439500808723        4.7138384628762084E-003
   5.2228979319334039        4.7829584338108964E-003
   5.2307519137859346        4.8517833708399266E-003
   5.2386058956384662        4.9203090285385798E-003
   5.2464598774909978        4.9885311799429998E-003
   5.2543138593435295        5.0564456168109336E-003
   5.2621678411960611        5.1240481498813139E-003
   5.2700218230485918        5.1913346091326711E-003
   5.2778758049011234        5.2583008440403580E-003
   5.2857297867536550        5.3249427238325738E-003
   5.2935837686061866        5.3912561377451656E-003
   5.3014377504587182        5.4572369952752007E-003
   5.3092917323112490        5.5228812264332882E-003
   5.3171457141637806        5.5881847819946300E-003
   5.3249996960163122        5.6531436337487976E-003
   5.3328536778688438        5.7177537747482073E-003
   5.3407076597213754        5.7820112195552890E-003
   5.3485616415739061        5.8459120044883246E-003
   5.3564156234264377        5.9094521878659458E-003
   5.3642696052789693        5.9726278502502724E-003
   5.3721235871315010        6.0354350946886827E-003
   5.3799775689840326        6.0978700469541932E-003
   5.3878315508365633        6.1599288557844384E-003
   5.3956855326890949        6.2216076931192344E-003
   5.4035395145416265        6.2829027543367093E-003
   5.4113934963941581        6.3438102584879889E-003
   5.4192474782466897        6.4043264485304239E-003
   5.4271014600992205        6.4644475915593387E-003
   5.4349554419517521        6.5241699790382964E-003
   5.4428094238042837        6.5834899270278534E-003
   5.4506634056568153        6.6424037764128037E-003
   5.4585173875093469        6.7009078931278901E-003
   5.4663713693618776        6.7589986683819665E-003
   5.4742253512144092        6.8166725188806062E-003
   5.4820793330669408        6.8739258870471340E-003
   5.4899333149194725        6.9307552412420743E-003
   5.4977872967720041        6.9871570759809966E-003
   5.5056412786245348        7.0431279121507514E-003
   5.5134952604770664        7.0986642972240745E-003
   5.5213492423295980        7.1537628054725577E-003
   5.5292032241821296        7.2084200381779583E-003
   5.5370572060346612        7.2626326238418503E-003
   5.5449111878871920        7.3163972183935928E-003
   5.5527651697397236        7.3697105053966046E-003
   5.5606191515922552        7.4225691962529388E-003
   5.5684731334447868        7.4749700304061403E-003
   5.5763271152973184        7.5269097755423647E-003
   5.5841810971498491        7.5783852277897679E-003
   5.5920350790023807        7.6293932119161322E-003
   5.5998890608549123        7.6799305815247283E-003
   5.6077430427074439        7.7299942192484003E-003
   5.6155970245599756        7.7795810369418565E-003
   5.6234510064125063        7.8286879758721634E-003
   5.6313049882650379        7.8773120069074165E-003
   5.6391589701175695        7.9254501307035978E-003
   5.6470129519701011        7.9730993778895781E-003
   5.6548669338226327        8.0202568092502917E-003
   5.6627209156751634        8.0669195159080338E-003
   5.6705748975276951        8.1130846195018973E-003
   5.6784288793802267        8.1587492723653142E-003
   5.6862828612327583        8.2039106577017230E-003
   5.6941368430852899        8.2485659897583111E-003
   5.7019908249378206        8.2927125139978623E-003
   5.7098448067903522        8.3363475072686620E-003
   5.7176987886428838        8.3794682779724725E-003
   5.7255527704954154        8.4220721662305684E-003
   5.7334067523479471        8.4641565440478055E-003
   5.7412607342004778        8.5057188154747249E-003
   5.7491147160530094        8.5467564167676889E-003
   5.7569686979055410        8.5872668165470172E-003
   5.7648226797580726        8.6272475159531372E-003
   5.7726766616106042        8.6666960488007289E-003
   5.7805306434631349        8.7056099817308403E-003
   5.7883846253156666        8.7439869143609936E-003
   5.7962386071681982        8.7818244794332524E-003
   5.8040925890207298        8.8191203429602433E-003
   5.8119465708732614        8.8558722043691231E-003
   5.8198005527257921        8.8920777966434925E-003
   5.8276545345783237        8.9277348864632358E-003
   5.8355085164308553        8.9628412743422755E-003
   5.8433624982833869        8.9973947947642584E-003
   5.8512164801359186        9.0313933163161178E-003
   5.8590704619884493        9.0648347418195666E-003
   5.8669244438409809        9.0977170084604458E-003
   5.8747784256935125        9.1300380879159766E-003
   5.8826324075460441        9.1617959864798686E-003
   5.8904863893985757        9.1929887451853102E-003
   5.8983403712511064        9.2236144399257970E-003
   5.9061943531036381        9.2536711815738252E-003
   5.9140483349561697        9.2831571160974201E-003
   5.9219023168087013        9.3120704246744991E-003
   5.9297562986612329        9.3404093238050653E-003
   5.9376102805137636        9.3681720654212215E-003
   5.9454642623662952        9.3953569369950012E-003
   5.9533182442188268        9.4219622616440006E-003
   5.9611722260713584        9.4479863982348204E-003
   5.9690262079238900        9.4734277414842936E-003
   5.9768801897764208        9.4982847220585111E-003
   5.9847341716289524        9.5225558066696220E-003
   5.9925881534814840        9.5462394981704161E-003
   6.0004421353340156        9.5693343356466690E-003
   6.0082961171865472        9.5918388945072652E-003
   6.0161500990390779        9.6137517865720681E-003
   6.0240040808916095        9.6350716601575504E-003
   6.0318580627441412        9.6557972001601721E-003
   6.0397120445966728        9.6759271281375014E-003
   6.0475660264492044        9.6954602023870753E-003
   6.0554200083017351        9.7143952180229927E-003
   6.0632739901542667        9.7327310070502385E-003
   6.0711279720067983        9.7504664384367289E-003
   6.0789819538593299        9.7676004181830780E-003
   6.0868359357118615        9.7841318893900804E-003
   6.0946899175643923        9.8000598323239093E-003
   6.1025438994169239        9.8153832644790155E-003
   6.1103978812694555        9.8301012406387302E-003
   6.1182518631219871        9.8442128529335742E-003
   6.1261058449745187        9.8577172308972547E-003
   6.1339598268270494        9.8706135415203653E-003
   6.1418138086795810        9.8829009893017673E-003
   6.1496677905321127        9.8945788162976556E-003
   6.1575217723846443        9.9056463021683170E-003
   6.1653757542371759        9.9161027642225650E-003
   6.1732297360897066        9.9259475574598431E-003
   6.1810837179422382        9.9351800746100231E-003
   6.1889376997947698        9.9437997461708540E-003
   6.1967916816473014        9.9518060404430973E-003
   6.2046456634998330        9.9591984635633204E-003
   6.2124996453523638        9.9659765595343612E-003
   6.2203536272048954        9.9721399102534608E-003
   6.2282076090574270        9.9776881355380497E-003
   6.2360615909099586        9.9826208931491980E-003
   6.2439155727624902        9.9869378788127287E-003
   6.2517695546150209        9.9906388262379874E-003
   6.2596235364675525        9.9937235071342646E-003
   6.2674775183200842        9.9961917312248807E-003
   6.2753315001726158        9.9980433462589207E-003
   6.2831854820251474        9.9992782380206313E-003
   6.2910394638776781        9.9998963303364590E-003
   6.2988934457302097        9.9998975850797509E-003
   6.3067474275827413        9.9992820021731123E-003
   6.3146014094352729        9.9980496195884033E-003
   6.3224553912878045        9.9962005133443985E-003
   6.3303093731403353        9.9937347975021049E-003
   6.3381633549928669        9.9906526241577143E-003
   6.3460173368453985        9.9869541834332314E-003
   6.3538713186979301        9.9826397034647445E-003
   6.3617253005504617        9.9777094503883442E-003
   6.3695792824029924        9.9721637283237217E-003
   6.3774332642555240        9.9660028793553956E-003
   6.3852872461080556        9.9592272835116180E-003
   6.3931412279605873        9.9518373587409326E-003
   6.4009952098131189        9.9438335608863920E-003
   6.4088491916656496        9.9352163836574376E-003
   6.4167031735181812        9.9259863585994500E-003
   6.4245571553707128        9.9161440550609558E-003
   6.4324111372232444        9.9056900801585135E-003
   6.4402651190757760        9.8946250787392571E-003
   6.4481191009283068        9.8829497333411277E-003
   6.4559730827808384        9.8706647641507595E-003
   6.4638270646333700        9.8577709289590677E-003
   6.4716810464859016        9.8442690231144991E-003
   6.4795350283384332        9.8301598794739726E-003
   6.4873890101909639        9.8154443683515016E-003
   6.4952429920434955        9.8001233974645118E-003
   6.5030969738960271        9.7841979118778507E-003
   6.5109509557485588        9.7676688939454890E-003
   6.5188049376010904        9.7505373632499285E-003
   6.5266589194536211        9.7328043765393061E-003
   6.5345129013061527        9.7144710276622082E-003
   6.5423668831586843        9.6955384475002019E-003
   6.5502208650112159        9.6760078038980752E-003
   6.5580748468637475        9.6558803015917970E-003
   6.5659288287162783        9.6351571821342036E-003
   6.5737828105688099        9.6138397238184174E-003
   6.5816367924213415        9.5919292415989968E-003
   6.5894907742738731        9.5694270870108188E-003
   6.5973447561264047        9.5463346480857154E-003
   6.6051987379789354        9.5226533492668505E-003
   6.6130527198314670        9.4983846513208587E-003
   6.6209067016839986        9.4735300512477309E-003
   6.6287606835365303        9.4480910821884787E-003
   6.6366146653890619        9.4220693133305628E-003
   6.6444686472415926        9.3954663498111001E-003
   6.6523226290941242        9.3682838326178460E-003
   6.6601766109466558        9.3405234384879732E-003
   6.6680305927991874        9.3121868798046511E-003
   6.6758845746517190        9.2832759044914059E-003
   6.6837385565042498        9.2537922959043100E-003
   6.6915925383567814        9.2237378727219720E-003
   6.6994465202093130        9.1931144888333562E-003
   6.7073005020618446        9.1619240332234259E-003
   6.7151544839143762        9.1301684298566183E-003
   6.7230084657669069        9.0978496375581711E-003
   6.7308624476194385        9.0649696498932911E-003
   6.7387164294719701        9.0315304950441804E-003
   6.7465704113245017        8.9975342356849366E-003
   6.7544243931770334        8.9629829688543088E-003
   6.7622783750295641        8.9278788258263485E-003
   6.7701323568820957        8.8922239719789412E-003
   6.7779863387346273        8.8560206066602386E-003
   6.7858403205871589        8.8192709630529886E-003
   6.7936943024396905        8.7819773080367904E-003
   6.8015482842922212        8.7441419420482541E-003
   6.8094022661447529        8.7057671989391079E-003
   6.8172562479972845        8.6668554458322299E-003
   6.8251102298498161        8.6274090829756359E-003
   6.8329642117023477        8.5874305435944230E-003
   6.8408181935548784        8.5469222937406778E-003
   6.8486721754074100        8.5058868321413548E-003
   6.8565261572599416        8.4643266900441480E-003
   6.8643801391124732        8.4222444310613504E-003
   6.8722341209650049        8.3796426510117216E-003
   6.8800881028175356        8.3365239777603642E-003
   6.8879420846700672        8.2928910710566260E-003
   6.8957960665225988        8.2487466223700352E-003
   6.9036500483751304        8.2040933547242803E-003
   6.9115040302276620        8.1589340225292368E-003
   6.9193580120801927        8.1132714114110684E-003
   6.9272119939327244        8.0671083380403959E-003
   6.9350659757852560        8.0204476499585522E-003
   6.9429199576377876        7.9732922254019331E-003
   6.9507739394903192        7.9256449731244568E-003
   6.9586279213428499        7.8775088322181348E-003
   6.9664819031953815        7.8288867719317826E-003
   6.9743358850479131        7.7797817914878557E-003
   6.9821898669004447        7.7301969198974498E-003
   6.9900438487529764        7.6801352157734575E-003
   6.9978978306055071        7.6295997671418959E-003
   7.0057518124580387        7.5785936912514291E-003
   7.0136057943105703        7.5271201343810783E-003
   7.0214597761631019        7.4751822716461478E-003
   7.0293137580156335        7.4227833068023679E-003
   7.0371677398681651        7.3699264720482752E-003
   7.0450217217206959        7.3166150278258357E-003
   7.0528757035732275        7.2628522626193249E-003
   7.0607296854257591        7.2086414927524821E-003
   7.0685836672782907        7.1539860621839422E-003
   7.0764376491308223        7.0988893423009703E-003
   7.0842916309833530        7.0433547317114943E-003
   7.0921456128358846        6.9873856560344651E-003
   7.0999995946884162        6.9309855676885539E-003
   7.1078535765409478        6.8741579456791857E-003
   7.1157075583934795        6.8169062953839423E-003
   7.1235615402460102        6.7592341483363348E-003
   7.1314155220985418        6.7011450620079625E-003
   7.1392695039510734        6.6426426195890717E-003
   7.1471234858036050        6.5837304297675318E-003
   7.1549774676561366        6.5244121265062328E-003
   7.1628314495086673        6.4646913688189275E-003
   7.1706854313611990        6.4045718405445259E-003
   7.1785394132137306        6.3440572501198616E-003
   7.1863933950662622        6.2831513303509400E-003
   7.1942473769187938        6.2218578381826786E-003
   7.2021013587713245        6.1601805544671661E-003
   7.2099553406238561        6.0981232837304415E-003
   7.2178093224763877        6.0356898539378132E-003
   7.2256633043289193        5.9728841162577347E-003
   7.2335172861814510        5.9097099448242466E-003
   7.2413712680339817        5.8461712364980024E-003
   7.2492252498865133        5.7822719106258962E-003
   7.2570792317390449        5.7180159087992953E-003
   7.2649332135915765        5.6534071946109099E-003
   7.2727871954441081        5.5884497534102974E-003
   7.2806411772966388        5.5231475920580336E-003
   7.2884951591491705        5.4575047386785456E-003
   7.2963491410017021        5.3915252424116458E-003
   7.3042031228542337        5.3252131731627581E-003
   7.3120571047067653        5.2585726213518705E-003
   7.3199110865592960        5.1916076976612205E-003
   7.3277650684118276        5.1243225327817265E-003
   7.3356190502643592        5.0567212771581950E-003
   7.3434730321168908        4.9888081007332975E-003
   7.3513270139694225        4.9205871926903530E-003
   7.3591809958219532        4.8520627611949186E-003
   7.3670349776744848        4.7832390331352123E-003
   7.3748889595270164        4.7141202538613820E-003
   7.3827429413795480        4.6447106869236289E-003
   7.3905969232320796        4.5750146138092184E-003
   7.3984509050846103        4.5050363336783753E-003
   7.4063048869371420        4.4347801630990934E-003
   7.4141588687896736        4.3642504357808724E-003
   7.4220128506422052        4.2934515023073947E-003
   7.4298668324947368        4.2223877298681609E-003
   7.4377208143472675        4.1510635019891030E-003
   7.4455747961997991        4.0794832182621922E-003
   7.4534287780523307        4.0076512940740465E-003
   7.4612827599048623        3.9355721603335763E-003
   7.4691367417573939        3.8632502631986651E-003
   7.4769907236099247        3.7906900638019075E-003
   7.4848447054624563        3.7178960379754301E-003
   7.4926986873149879        3.6448726759748026E-003
   7.5005526691675195        3.5716244822020572E-003
   7.5084066510200511        3.4981559749278387E-003
   7.5162606328725818        3.4244716860126981E-003
   7.5241146147251134        3.3505761606275452E-003
   7.5319685965776451        3.2764739569732856E-003
   7.5398225784301767        3.2021696459996487E-003
   7.5476765602827083        3.1276678111232309E-003
   7.5555305421352390        3.0529730479447728E-003
   7.5633845239877706        2.9780899639656805E-003
   7.5712385058403022        2.9030231783038151E-003
   7.5790924876928338        2.8277773214085648E-003
   7.5869464695453654        2.7523570347752187E-003
   7.5948004513978962        2.6767669706586599E-003
   7.6026544332504278        2.6010117917863924E-003
   7.6105084151029594        2.5250961710709245E-003
   7.6183623969554910        2.4490247913215228E-003
   7.6262163788080226        2.3728023449553562E-003
   7.6340703606605533        2.2964335337080466E-003
   7.6419243425130849        2.2199230683436449E-003
   7.6497783243656166        2.1432756683640512E-003
   7.6576323062181482        2.0664960617178944E-003
   7.6654862880706798        1.9895889845088920E-003
   7.6733402699232105        1.9125591807037064E-003
   7.6811942517757421        1.8354114018393161E-003
   7.6890482336282737        1.7581504067299195E-003
   7.6969022154808053        1.6807809611733911E-003
   7.7047561973333369        1.6033078376573057E-003
   7.7126101791858677        1.5257358150645509E-003
   7.7204641610383993        1.4480696783785434E-003
   7.7283181428909309        1.3703142183880716E-003
   7.7361721247434625        1.2924742313917780E-003
   7.7440261065959941        1.2145545189023018E-003
   7.7518800884485248        1.1365598873501019E-003
   7.7597340703010564        1.0584951477869743E-003
   7.7675880521535881        9.8036511558928486E-004
   7.7754420340061197        9.0217461016093669E-004
   7.7832960158586513        8.2392845463608749E-004
   7.7911499977111820        7.4563147558163751E-004
   7.7990039795637136        6.6728850269950587E-004
   7.8068579614162452        5.8890436852871320E-004
   7.8147119432687768        5.1048390814728919E-004
   7.8225659251213084        4.3203195887402417E-004
   7.8304199069738392        3.5355335997008162E-004
   7.8382738888263708        2.7505295234049143E-004
   7.8461278706789024        1.9653557823554158E-004
   7.8539818525314340        1.1800608095208684E-004
   7.8618358343839656        3.9469304534792956E-005
   7.8696898162364963       -3.9069906522665380E-005
   7.8775437980890279       -1.1760670757643418E-004
   7.8853977799415595       -1.9613625413131904E-004
   7.8932517617940912       -2.7465370213961498E-004
   7.9011057436466228       -3.5315420829990863E-004
   7.9089597254991535       -4.3163293035583419E-004
   7.9168137073516851       -5.1008502739476524E-004
   7.9246676892042167       -5.8850566014642344E-004
   7.9325216710567483       -6.6688999128138623E-004
   7.9403756529092799       -7.4523318570947415E-004
   7.9482296347618107       -8.2353041087800084E-004
   7.9560836166143423       -9.0177683706986586E-004
   7.9639375984668739       -9.7996763770147300E-004
   7.9717915803194055       -1.0580979896204553E-003
   7.9796455621719371       -1.1361630734031882E-003
   7.9874995440244678       -1.2141580736520724E-003
   7.9953535258769994       -1.2920781792925698E-003
   8.0032075077295310       -1.3699185838699705E-003
   8.0110614895820618       -1.4476744858458765E-003
   8.0189154714345943       -1.5253410888943822E-003
   8.0267694532871250       -1.6029136021979324E-003
   8.0346234351396575       -1.6803872407428408E-003
   8.0424774169921882       -1.7577572256144511E-003
   8.0503313988447189       -1.8350187842919214E-003
   8.0581853806972514       -1.9121671509426141E-003
   8.0660393625497822       -1.9891975667160736E-003
   8.0738933444023147       -2.0661052800375729E-003
   8.0817473262548454       -2.1428855469012111E-003
   8.0896013081073761       -2.2195336311625464E-003
   8.0974552899599086       -2.2960448048307404E-003
   8.1053092718124393       -2.3724143483602024E-003
   8.1131632536649718       -2.4486375509417111E-003
   8.1210172355175025       -2.5247097107929982E-003
   8.1288712173700333       -2.6006261354487746E-003
   8.1367251992225658       -2.6763821420501843E-003
   8.1445791810750965       -2.7519730576336604E-003
   8.1524331629276290       -2.8273942194191773E-003
   8.1602871447801597       -2.9026409750978698E-003
   8.1681411266326904       -2.9777086831190075E-003
   8.1759951084852229       -3.0525927129763071E-003
   8.1838490903377537       -3.1272884454935619E-003
   8.1917030721902862       -3.2017912731095734E-003
   8.1995570540428169       -3.2760966001623656E-003
   8.2074110358953476       -3.3501998431726653E-003
   8.2152650177478801       -3.4240964311266311E-003
   8.2231189996004108       -3.4977818057578148E-003
   8.2309729814529433       -3.5712514218283350E-003
   8.2388269633054740       -3.6445007474092458E-003
   8.2466809451580048       -3.7175252641600876E-003
   8.2545349270105373       -3.7903204676075987E-003
   8.2623889088630680       -3.8628818674235695E-003
   8.2702428907156005       -3.9352049877018260E-003
   8.2780968725681312       -4.0072853672343247E-003
   8.2859508544206619       -4.0791185597863376E-003
   8.2938048362731944       -4.1507001343707170E-003
   8.3016588181257251       -4.2220256755212170E-003
   8.3095127999782576       -4.2930907835648617E-003
   8.3173667818307884       -4.3638910748933319E-003
   8.3252207636833191       -4.4344221822333694E-003
   8.3330747455358516       -4.5046797549161662E-003
   8.3409287273883823       -4.5746594591457371E-003
   8.3487827092409148       -4.6443569782662420E-003
   8.3566366910934455       -4.7137680130282618E-003
   8.3644906729459763       -4.7828882818539897E-003
   8.3723446547985088       -4.8517135211013415E-003
   8.3801986366510395       -4.9202394853269547E-003
   8.3880526185035720       -4.9884619475480656E-003
   8.3959066003561027       -5.0563766995032492E-003
   8.4037605822086334       -5.1239795519120021E-003
   8.4116145640611659       -5.1912663347331561E-003
   8.4194685459136966       -5.2582328974221052E-003
   8.4273225277662291       -5.3248751091868286E-003
   8.4351765096187599       -5.3911888592426968E-003
   8.4430304914712906       -5.4571700570660428E-003
   8.4508844733238231       -5.5228146326464838E-003
   8.4587384551763538       -5.5881185367379774E-003
   8.4665924370288863       -5.6530777411085940E-003
   8.4744464188814170       -5.7176882387890010E-003
   8.4823004007339478       -5.7819460443196266E-003
   8.4901543825864803       -5.8458471939965015E-003
   8.4980083644390110       -5.9093877461157572E-003
   8.5058623462915435       -5.9725637812167694E-003
   8.5137163281440742       -6.0353714023239245E-003
   8.5215703099966049       -6.0978067351870049E-003
   8.5294242918491374       -6.1598659285201684E-003
   8.5372782737016681       -6.2215451542395129E-003
   8.5451322555542006       -6.2828406076992091E-003
   8.5529862374067314       -6.3437485079261878E-003
   8.5608402192592621       -6.4042650978533688E-003
   8.5686942011117946       -6.4643866445514096E-003
   8.5765481829643253       -6.5241094394589720E-003
   8.5844021648168578       -6.5834297986114808E-003
   8.5922561466693885       -6.6423440628683682E-003
   8.6001101285219193       -6.7008485981387856E-003
   8.6079641103744517       -6.7589397956057690E-003
   8.6158180922269825       -6.8166140719488474E-003
   8.6236720740795150       -6.8738678695650776E-003
   8.6315260559320457       -6.9306976567884929E-003
   8.6393800377845764       -6.9870999281079534E-003
   8.6472340196371089       -7.0430712043833789E-003
   8.6550880014896396       -7.0986080330603567E-003
   8.6629419833421721       -7.1537069883831151E-003
   8.6707959651947029       -7.2083646716058344E-003
   8.6786499470472336       -7.2625777112022985E-003
   8.6865039288997661       -7.3163427630738654E-003
   8.6943579107522968       -7.3696565107557455E-003
   8.7022118926048293       -7.4225156656215763E-003
   8.7100658744573600       -7.4749169670862772E-003
   8.7179198563098907       -7.5268571828071814E-003
   8.7257738381624232       -7.5783331088834158E-003
   8.7336278200149540       -7.6293415700535343E-003
   8.7414818018674865       -7.6798794198913818E-003
   8.7493357837200172       -7.7299435410001791E-003
   8.7571897655725479       -7.7795308452048182E-003
   8.7650437474250804       -7.8286382737423540E-003
   8.7728977292776111       -7.8772627974506831E-003
   8.7807517111301436       -7.9254014169553941E-003
   8.7886056929826744       -7.9730511628547836E-003
   8.7964596748352051       -8.0202090959030220E-003
   8.8043136566877376       -8.0668723071914590E-003
   8.8121676385402683       -8.1130379183280560E-003
   8.8200216203928008       -8.1587030816149403E-003
   8.8278756022453315       -8.2038649802240651E-003
   8.8357295840978622       -8.2485208283709574E-003
   8.8435835659503947       -8.2926678714865670E-003
   8.8514375478029255       -8.3363033863871720E-003
   8.8592915296554580       -8.3794246814423590E-003
   8.8671455115079887       -8.4220290967410554E-003
   8.8749994933605194       -8.4641140042556063E-003
   8.8828534752130519       -8.5056768080038828E-003
   8.8907074570655826       -8.5467149442094072E-003
   8.8985614389181151       -8.5872258814595082E-003
   8.9064154207706459       -8.6272071208614558E-003
   8.9142694026231766       -8.6666561961966215E-003
   8.9221233844757091       -8.7055706740725922E-003
   8.9299773663282398       -8.7439481540732746E-003
   8.9378313481807723       -8.7817862689069676E-003
   8.9456853300333030       -8.8190826845523842E-003
   8.9535393118858337       -8.8558351004026266E-003
   8.9613932937383662       -8.8920412494070955E-003
   8.9692472755908970       -8.9276988982113295E-003
   8.9771012574434295       -8.9628058472947768E-003
   8.9849552392959602       -8.9973599311064609E-003
   8.9928092211484909       -9.0313590181985669E-003
   9.0006632030010234       -9.0648010113579206E-003
   9.0085171848535541       -9.0976838477353477E-003
   9.0163711667060866       -9.1300054989729238E-003
   9.0242251485586173       -9.1617639713290934E-003
   9.0320791304111481       -9.1929573058016460E-003
   9.0399331122636806       -9.2235835782485641E-003
   9.0477870941162113       -9.2536408995067092E-003
   9.0556410759687438       -9.2831274155083503E-003
   9.0634950578212745       -9.3120413073955379E-003
   9.0713490396738052       -9.3403807916322950E-003
   9.0792030215263377       -9.3681441201146319E-003
   9.0870570033788685       -9.3953295802783818E-003
   9.0949109852314010       -9.4219354952048348E-003
   9.1027649670839317       -9.4479602237241798E-003
   9.1106189489364624       -9.4734021605167359E-003
   9.1184729307889949       -9.4982597362119822E-003
   9.1263269126415256       -9.5225314174853613E-003
   9.1341808944940581       -9.5462157071528522E-003
   9.1420348763465888       -9.5693111442633396E-003
   9.1498888581991196       -9.5918163041887154E-003
   9.1577428400516521       -9.6137297987117683E-003
   9.1655968219041828       -9.6350502761118079E-003
   9.1734508037567153       -9.6557764212480482E-003
   9.1813047856092460       -9.6759069556407330E-003
   9.1891587674617767       -9.6954406375499898E-003
   9.1970127493143092       -9.7143762620524356E-003
   9.2048667311668400       -9.7327126611154967E-003
   9.2127207130193725       -9.7504487036694596E-003
   9.2205746948719032       -9.7675832956772395E-003
   9.2284286767244339       -9.7841153802018660E-003
   9.2362826585769664       -9.8000439374716780E-003
   9.2441366404294971       -9.8153679849432313E-003
   9.2519906222820296       -9.8300865773619014E-003
   9.2598446041345603       -9.8441988068201959E-003
   9.2676985859870911       -9.8577038028137536E-003
   9.2755525678396236       -9.8706007322950443E-003
   9.2834065496921543       -9.8828887997247546E-003
   9.2912605315446868       -9.8945672471208584E-003
   9.2991145133972175       -9.9056353541053747E-003
   9.3069684952497482       -9.9160924379488001E-003
   9.3148224771022807       -9.9259378536122270E-003
   9.3226764589548115       -9.9351709937871308E-003
   9.3305304408073440       -9.9437912889328312E-003
   9.3383844226598747       -9.9517982073116223E-003
   9.3462384045124054       -9.9591912550215760E-003
   9.3540923863649379       -9.9659699760270021E-003
   9.3619463682174686       -9.9721339521865876E-003
   9.3698003500700011       -9.9776828032791826E-003
   9.3776543319225318       -9.9826161870272545E-003
   9.3855083137750626       -9.9869337991180026E-003
   9.3933622956275951       -9.9906353732221315E-003
   9.4012162774801258       -9.9937206810102753E-003
   9.4090702593326583       -9.9961895321670855E-003
   9.4169242411851890       -9.9980417744029680E-003
   9.4247782230377197       -9.9992772934634801E-003
   9.4326322048902522       -9.9998960131363734E-003
   9.4404861867427829       -9.9998978952562986E-003
   9.4483401685953154       -9.9992829397071593E-003
   9.4561941504478462       -9.9980511844221173E-003
   9.4640481323003769       -9.9962027053812560E-003
   9.4719021141529094       -9.9937376166068896E-003
   9.4797560960054401       -9.9906560701565339E-003
   9.4876100778579726       -9.9869582561135199E-003
   9.4954640597105033       -9.9826444025752810E-003
   9.5033180415630341       -9.9777147756392685E-003
   9.5111720234155666       -9.9721696793865465E-003
   9.5190260052680973       -9.9660094558630327E-003
   9.5268799871206298       -9.9592344850584023E-003
   9.5347339689731605       -9.9518451848826395E-003
   9.5425879508256912       -9.9438420111402706E-003
   9.5504419326782237       -9.9352254575022381E-003
   9.5582959145307544       -9.9259960554754587E-003
   9.5661498963832869       -9.9161543743700262E-003
   9.5740038782358177       -9.9057010212641045E-003
   9.5818578600883484       -9.8946366409664761E-003
   9.5897118419408809       -9.8829619159767623E-003
   9.5975658237934116       -9.8706775664433328E-003
   9.6054198056459441       -9.8577843501188797E-003
   9.6132737874984748       -9.8442830623136739E-003
   9.6211277693510056       -9.8301745358465083E-003
   9.6289817512035381       -9.8154596409933282E-003
   9.6368357330560688       -9.8001392854335460E-003
   9.6446897149086013       -9.7842144141940535E-003
   9.6525436967611320       -9.7676860095909247E-003
   9.6603976786136627       -9.7505550911688287E-003
   9.6682516604661952       -9.7328227156381342E-003
   9.6761056423187259       -9.7144899768097301E-003
   9.6839596241712584       -9.6955580055275506E-003
   9.6918136060237892       -9.6760279695988233E-003
   9.6996675878763199       -9.6559010737220351E-003
   9.7075215697288524       -9.6351785594126164E-003
   9.7153755515813831       -9.6138617049263599E-003
   9.7232295334339156       -9.5919518251805780E-003
   9.7310835152864463       -9.5694502716729846E-003
   9.7389374971389771       -9.5463584323983337E-003
   9.7467914789915095       -9.5226777317628016E-003
   9.7546454608440403       -9.4984096304961217E-003
   9.7624994426965728       -9.4735556255614809E-003
   9.7703534245491035       -9.4481172500631809E-003
   9.7782074064016342       -9.4220960731520691E-003
   9.7860613882541667       -9.3954936999287430E-003
   9.7939153701066974       -9.3683117713445514E-003
   9.8017693519592299       -9.3405519641003576E-003
   9.8096233338117607       -9.3122159905431288E-003
   9.8174773156642914       -9.2833055985602989E-003
   9.8253312975168239       -9.2538225714719584E-003
   9.8331852793693546       -9.2237687279208471E-003
   9.8410392612218871       -9.1931459217601732E-003
   9.8488932430744178       -9.1619560419392634E-003
   9.8567472249269485       -9.1302010123870368E-003
   9.8646012067794810       -9.0978827918933372E-003
   9.8724551886320118       -9.0650033739880995E-003
   9.8803091704845443       -9.0315647868183802E-003
   9.8881631523370750       -8.9975690930232614E-003
   9.8960171341896057       -8.9630183896066019E-003
   9.9038711160421382       -8.9279148078077030E-003
   9.9117250978946689       -8.8922605129698306E-003
   9.9195790797472014       -8.8560577044066550E-003
   9.9274330615997322       -8.8193086152665804E-003
   9.9352870434522629       -8.7820155123950021E-003
   9.9431410253047954       -8.7441806961944743E-003
   9.9509950071573261       -8.7058065004828097E-003
   9.9588489890098586       -8.6668952923491197E-003
   9.9667029708623893       -8.6274494720078084E-003
   9.9745569527149200       -8.5874714726505048E-003
   9.9824109345674525       -8.5469637602959836E-003
   9.9902649164199833       -8.5059288336380469E-003
   9.9981188982725158       -8.4643692238913874E-003
   10.005972880125046       -8.4222874946354633E-003
   10.013826861977577       -8.3796862416563554E-003
   10.021680843830110       -8.3365680927866576E-003
   10.029534825682640       -8.2929357077433704E-003
   10.037388807535173       -8.2487917779638445E-003
   10.045242789387704       -8.2041390264397576E-003
   10.053096771240234       -8.1589802075491494E-003
   10.060950753092767       -8.1133181068865218E-003
   10.068804734945298       -8.0671555410910083E-003
   10.076658716797830       -8.0204953576726318E-003
   10.084512698650361       -7.9733404348366586E-003
   10.092366680502893       -7.9256936813060595E-003
   10.100220662355424       -7.8775580361420787E-003
   10.108074644207955       -7.8289364685629522E-003
   10.115928626060487       -7.7798319777607448E-003
   10.123782607913018       -7.7302475927163482E-003
   10.131636589765550       -7.6801863720126432E-003
   10.139490571618081       -7.6296514036458280E-003
   10.147344553470612       -7.5786458048349411E-003
   10.155198535323144       -7.5271727218295757E-003
   10.163052517175675       -7.4752353297158052E-003
   10.170906499028208       -7.4228368322203303E-003
   10.178760480880738       -7.3699804615128591E-003
   10.186614462733269       -7.3166694780067328E-003
   10.194468444585802       -7.2629071701578087E-003
   10.202322426438332       -7.2086968542616143E-003
   10.210176408290865       -7.1540418742487826E-003
   10.218030390143396       -7.0989456014787840E-003
   10.225884371995926       -7.0434114345319680E-003
   10.233738353848459       -6.9874427989999209E-003
   10.241592335700989       -6.9310431472741612E-003
   10.249446317553522       -6.8742159583331831E-003
   10.257300299406053       -6.8169647375278539E-003
   10.265154281258583       -6.7592930163651917E-003
   10.273008263111116       -6.7012043522905263E-003
   10.280862244963647       -6.6427023284680569E-003
   10.288716226816179       -6.5837905535598325E-003
   10.296570208668710       -6.5244726615031490E-003
   10.304424190521241       -6.4647523112863941E-003
   10.312278172373773       -6.4046331867233432E-003
   10.320132154226304       -6.3441189962259283E-003
   10.327986136078836       -6.2832134725754841E-003
   10.335840117931367       -6.2219203726924955E-003
   10.343694099783898       -6.1602434774048519E-003
   10.351548081636430       -6.0981865912146330E-003
   10.359402063488961       -6.0357535420634267E-003
   10.367256045341493       -5.9729481810962062E-003
   10.375110027194024       -5.9097743824237754E-003
   10.382964009046555       -5.8462360428837949E-003
   10.390817990899087       -5.7823370818004087E-003
   10.398671972751618       -5.7180814407424832E-003
   10.406525954604151       -5.6534730832804737E-003
   10.414379936456681       -5.5885159947419352E-003
   10.422233918309212       -5.5232141819656884E-003
   10.430087900161745       -5.4575716730546602E-003
   10.437941882014275       -5.3915925171274127E-003
   10.445795863866808       -5.3252807840683779E-003
   10.453649845719339       -5.2586405642768043E-003
   10.461503827571869       -5.1916759684144491E-003
   10.469357809424402       -5.1243911271520119E-003
   10.477211791276932       -5.0567901909143332E-003
   10.485065773129465       -4.9888773296243851E-003
   10.492919754981996       -4.9206567324460481E-003
   10.500773736834526       -4.8521326075257037E-003
   10.508627718687059       -4.7833091817326588E-003
   10.516481700539590       -4.7141907003984147E-003
   10.524335682392122       -4.6447814270547966E-003
   10.532189664244653       -4.5750856431709579E-003
   10.540043646097184       -4.5051076478892843E-003
   10.547897627949716       -4.4348517577601975E-003
   10.555751609802247       -4.3643223064758988E-003
   10.563605591654779       -4.2935236446030424E-003
   10.571459573507310       -4.2224601393143759E-003
   10.579313555359841       -4.1511361741193523E-003
   10.587167537212373       -4.0795561485937387E-003
   10.595021519064904       -4.0077244781082273E-003
   10.602875500917436       -3.9356455935560791E-003
   10.610729482769967       -3.8633239410798045E-003
   10.618583464622498       -3.7907639817969080E-003
   10.626437446475030       -3.7179701915247055E-003
   10.634291428327561       -3.6449470605042352E-003
   10.642145410180094       -3.5716990931232823E-003
   10.649999392032624       -3.4982308076385270E-003
   10.657853373885155       -3.4245467358968388E-003
   10.665707355737688       -3.3506514230557316E-003
   10.673561337590218       -3.2765494273030004E-003
   10.681415319442751       -3.2022453195755499E-003
   10.689269301295282       -3.1277436832774399E-003
   10.697123283147812       -3.0530491139971615E-003
   10.704977265000345       -2.9781662192241601E-003
   10.712831246852875       -2.9030996180646257E-003
   10.720685228705408       -2.8278539409565661E-003
   10.728539210557939       -2.7524338293841801E-003
   10.736393192410469       -2.6768439355915521E-003
   10.744247174263002       -2.6010889222956800E-003
   10.752101156115533       -2.5251734623988587E-003
   10.759955137968065       -2.4491022387004347E-003
   10.767809119820596       -2.3728799436079509E-003
   10.775663101673127       -2.2965112788476982E-003
   10.783517083525659       -2.2200009551746908E-003
   10.791371065378190       -2.1433536920820893E-003
   10.799225047230722       -2.0665742175100788E-003
   10.807079029083253       -1.9896672675542302E-003
   10.814933010935784       -1.9126375861733557E-003
   10.822786992788316       -1.8354899248968822E-003
   10.830640974640847       -1.7582290425317553E-003
   10.838494956493379       -1.6808597048688946E-003
   10.846348938345910       -1.6033866843892196E-003
   10.854202920198441       -1.5258147599692619E-003
   10.862056902050973       -1.4481487165863829E-003
   10.869910883903504       -1.3703933450236153E-003
   10.877764865756037       -1.2925534415741469E-003
   10.885618847608567       -1.2146338077454640E-003
   10.893472829461098       -1.1366392499631728E-003
   10.901326811313631       -1.0585745792745190E-003
   10.909180793166161       -9.8044461105162013E-004
   10.917034775018694       -9.0225416469443269E-004
   10.924888756871225       -8.2400806333347083E-004
   10.932742738723755       -7.4571113353229376E-004
   10.940596720576288       -6.6736820498978231E-004
   10.948450702428818       -5.8898411024222211E-004
   10.956304684281351       -5.1056368436521121E-004
   10.964158666133882       -4.3211176467541131E-004
   10.972012647986412       -3.5363319043216120E-004
   10.979866629838945       -2.7513280253896956E-004
   10.987720611691476       -1.9661544324490692E-004
   10.995574593544008       -1.1808595584591451E-004
   11.003428575396539       -3.9549184386048297E-005
   11.011282557249070        3.8990026641322799E-005
   11.019136539101602        1.1752683259234664E-004
   11.026990520954133        1.9605638897152679E-004
   11.034844502806665        2.7457385173055220E-004
   11.042698484659196        3.5307437756709964E-004
   11.050552466511727        4.3155312422358963E-004
   11.058406448364259        5.1000525078587818E-004
   11.066260430216790        5.8842591798186593E-004
   11.074114412069322        6.6681028848000550E-004
   11.081968393921853        7.4515352718768947E-004
   11.089822375774384        8.2345080154949994E-004
   11.097676357626916        9.0169728184530211E-004
   11.105530339479447        9.7988814148816249E-004
   11.113384321331980        1.0580185573220741E-003
   11.121238303184510        1.1360837099194698E-003
   11.129092285037041        1.2140787838785055E-003
   11.136946266889574        1.2919989681200960E-003
   11.144800248742104        1.3698394561846830E-003
   11.152654230594637        1.4475954465287190E-003
   11.160508212447168        1.5252621428208475E-003
   11.168362194299698        1.6028347542377613E-003
   11.176216176152231        1.6803084957597221E-003
   11.184070158004761        1.7576785884657216E-003
   11.191924139857294        1.8349402598282663E-003
   11.199778121709825        1.9120887440077674E-003
   11.207632103562355        1.9891192821465198E-003
   11.215486085414888        2.0660271226622482E-003
   11.223340067267419        2.1428075215412065E-003
   11.231194049119951        2.2194557426308092E-003
   11.239048030972482        2.2959670579317778E-003
   11.246902012825013        2.3723367478897845E-003
   11.254755994677545        2.4485601016865761E-003
   11.262609976530076        2.5246324175305563E-003
   11.270463958382608        2.6005490029468148E-003
   11.278317940235139        2.6763051750665779E-003
   11.286171922087670        2.7518962609160698E-003
   11.294025903940202        2.8273175977047618E-003
   11.301879885792733        2.9025645331129933E-003
   11.309733867645265        2.9776324255789480E-003
   11.317587849497796        3.0525166445849647E-003
   11.325441831350327        3.1272125709431698E-003
   11.333295813202859        3.2017155970804076E-003
   11.341149795055390        3.2760211273224560E-003
   11.349003776907923        3.3501245781775079E-003
   11.356857758760453        3.4240213786189025E-003
   11.364711740612984        3.4977069703670833E-003
   11.372565722465517        3.5711768081707765E-003
   11.380419704318047        3.6444263600873585E-003
   11.388273686170580        3.7174511077624089E-003
   11.396127668023111        3.7902465467084213E-003
   11.403981649875641        3.8628081865826587E-003
   11.411835631728174        3.9351315514641405E-003
   11.419689613580704        4.0072121801297345E-003
   11.427543595433237        4.0790456263293451E-003
   11.435397577285768        4.1506274590601784E-003
   11.443251559138298        4.2219532628400662E-003
   11.451105540990831        4.2930186379798304E-003
   11.458959522843362        4.3638192008546772E-003
   11.466813504695894        4.4343505841745977E-003
   11.474667486548425        4.5046084372537612E-003
   11.482521468400956        4.5745884262788855E-003
   11.490375450253488        4.6442862345765640E-003
   11.498229432106019        4.7136975628795375E-003
   11.506083413958551        4.7828181295918948E-003
   11.513937395811082        4.8516436710531767E-003
   11.521791377663613        4.9201699418013785E-003
   11.529645359516145        4.9883927148348271E-003
   11.537499341368676        5.0563077818729278E-003
   11.545353323221208        5.1239109536157391E-003
   11.553207305073739        5.1911980600023964E-003
   11.561061286926270        5.2581649504683343E-003
   11.568915268778802        5.3248074942013127E-003
   11.576769250631333        5.3911215803962263E-003
   11.584623232483866        5.4571031185086730E-003
   11.592477214336396        5.5227480385072790E-003
   11.600331196188927        5.5880522911247558E-003
   11.608185178041460        5.6530118481076773E-003
   11.616039159893990        5.7176227024649589E-003
   11.623893141746523        5.7818808687150284E-003
   11.631747123599053        5.8457823831316643E-003
   11.639601105451584        5.9093233039885004E-003
   11.647455087304117        5.9724997118021667E-003
   11.655309069156647        6.0353077095740594E-003
   11.663163051009180        6.0977434230307260E-003
   11.671017032861711        6.1598030008628473E-003
   11.678871014714241        6.2214826149628050E-003
   11.686724996566774        6.2827784606608117E-003
   11.694578978419305        6.3436867569596038E-003
   11.702432960271837        6.4042037467676683E-003
   11.710286942124368        6.4643256971309978E-003
   11.718140923976899        6.5240488994633538E-003
   11.725994905829431        6.5833696697750292E-003
   11.733848887681962        6.6422843489000946E-003
   11.741702869534494        6.7007893027221099E-003
   11.749556851387025        6.7588809223982933E-003
   11.757410833239556        6.8165556245821301E-003
   11.765264815092088        6.8738098516444085E-003
   11.773118796944619        6.9306400718926724E-003
   11.780972778797151        6.9870427797890716E-003
   11.788826760649682        7.0430144961665941E-003
   11.796680742502213        7.0985517684436826E-003
   11.804534724354745        7.1536511708371999E-003
   11.812388706207276        7.2083093045737503E-003
   11.820242688059809        7.2625227980993275E-003
   11.828096669912339        7.3162883072872891E-003
   11.835950651764870        7.3696025156446366E-003
   11.843804633617403        7.4224621345165900E-003
   11.851658615469933        7.4748639032894484E-003
   11.859512597322466        7.5268045895917181E-003
   11.867366579174996        7.5782809894934982E-003
   11.875220561027527        7.6292899277041158E-003
   11.883074542880060        7.6798282577679898E-003
   11.890928524732590        7.7298928622587179E-003
   11.898782506585123        7.7794806529713758E-003
   11.906636488437654        7.8285885711130085E-003
   11.914490470290184        7.8772135874913118E-003
   11.922344452142717        7.9253527027014822E-003
   11.930198433995248        7.9730029473112415E-003
   11.938052415847780        8.0201613820439967E-003
   11.945906397700311        8.0668250979601501E-003
   11.953760379552842        8.1129912166365368E-003
   11.961614361405374        8.1586568903439759E-003
   11.969468343257905        8.2038193022229353E-003
   11.977322325110437        8.2484756664572851E-003
   11.985176306962968        8.2926232284461360E-003
   11.993030288815499        8.3362592649737603E-003
   12.000884270668031        8.3793810843775691E-003
   12.008738252520562        8.4219860267141476E-003
   12.016592234373094        8.4640714639233304E-003
   12.024446216225625        8.5056347999903099E-003
   12.032300198078156        8.5466734711057788E-003
   12.040154179930688        8.5871849458240643E-003
   12.048008161783219        8.6271667252192895E-003
   12.055862143635752        8.6666163430395137E-003
   12.063716125488282        8.7055313658588578E-003
   12.071570107340813        8.7439093932276182E-003
   12.079424089193346        8.7817480578203291E-003
   12.087278071045876        8.8190450255817929E-003
   12.095132052898409        8.8557979958710526E-003
   12.102986034750939        8.8920047016033087E-003
   12.110840016603470        8.9276629093897608E-003
   12.118693998456003        8.9627704196753744E-003
   12.126547980308533        8.9973250668745550E-003
   12.134401962161066        9.0313247195047373E-003
   12.142255944013597        9.0647672803178623E-003
   12.150109925866127        9.0976506864297400E-003
   12.157963907718660        9.1299729094473005E-003
   12.165817889571191        9.1617319555937198E-003
   12.173671871423723        9.1929258658313938E-003
   12.181525853276254        9.2235527159827881E-003
   12.189379835128785        9.2536106168491297E-003
   12.197233816981317        9.2830977143269350E-003
   12.205087798833848        9.3120121895223871E-003
   12.212941780686380        9.3403522588635258E-003
   12.220795762538911        9.3681161742102722E-003
   12.228649744391442        9.3953022229622575E-003
   12.236503726243974        9.4219087281644642E-003
   12.244357708096505        9.4479340486106709E-003
   12.252211689949037        9.4733765789446877E-003
   12.260065671801568        9.4982347497593791E-003
   12.267919653654099        9.5225070276934737E-003
   12.275773635506631        9.5461919155261539E-003
   12.283627617359162        9.5692879522693997E-003
   12.291481599211695        9.5917937132581187E-003
   12.299335581064225        9.6137078102380234E-003
   12.307189562916756        9.6350288914512604E-003
   12.315043544769289        9.6557556417197973E-003
   12.322897526621819        9.6758867825265504E-003
   12.330751508474352        9.6954210720942447E-003
   12.338605490326882        9.7143573054620114E-003
   12.346459472179413        9.7326943145597186E-003
   12.354313454031946        9.7504309682800230E-003
   12.362167435884476        9.7675661725481408E-003
   12.370021417737009        9.7840988703893350E-003
   12.377875399589540        9.8000280419941136E-003
   12.385729381442070        9.8153527047811356E-003
   12.393583363294603        9.8300719134578225E-003
   12.401437345147134        9.8441847600786673E-003
   12.409291326999666        9.8576903741012401E-003
   12.417145308852197        9.8705879224398885E-003
   12.424999290704728        9.8828766095171248E-003
   12.432853272557260        9.8945556773127000E-003
   12.440707254409791        9.9056244054103633E-003
   12.448561236262323        9.9160821110423000E-003
   12.456415218114854        9.9259281491312495E-003
   12.464269199967385        9.9351619123302908E-003
   12.472123181819917        9.9437828310603108E-003
   12.479977163672448        9.9517903735451396E-003
   12.487831145524980        9.9591840458443520E-003
   12.495685127377511        9.9659633918837334E-003
   12.503539109230042        9.9721279934834109E-003
   12.511393091082574        9.9776774703836564E-003
   12.519247072935105        9.9826114802683344E-003
   12.527101054787638        9.9869297187860240E-003
   12.534955036640168        9.9906319195687873E-003
   12.542809018492699        9.9937178542486016E-003
   12.550663000345232        9.9961873324714498E-003
   12.558516982197762        9.9980402019090586E-003
   12.566370964050295        9.9992763482682941E-003
