   1.5707963705062868E-002  0.99999997764825821        0.0000000000000000     
   3.1415927410125735E-002  0.99987661012583140       -1.5707317389825524E-002
   4.7123891115188603E-002  0.99950653799785094       -3.1410759233903705E-002
   6.2831854820251470E-002  0.99888985257408214       -4.7106450942723463E-002
   7.8539818525314331E-002  0.99802670601243426       -6.2790519839003731E-002
   9.4247782230377206E-002  0.99691731128141747       -7.8459096113218663E-002
  0.10995574593544008       0.99556194210759608       -9.4108313778415290E-002
  0.12566370964050294       0.99396093290805143      -0.10973431162408806     
  0.14137167334556580       0.99211467870786896      -0.12533323416887471     
  0.15707963705062866       0.99002363504267099      -0.14090123261183868     
  0.17278760075569155       0.98768831784622146      -0.15643446578210329     
  0.18849556446075441       0.98510930332312596      -0.17192910108660314     
  0.20420352816581727       0.98228722780666211      -0.18738131545571915     
  0.21991149187088016       0.97922278760177450      -0.20278729628656389     
  0.23561945557594302       0.97591673881327057      -0.21814324238368429     
  0.25132741928100588       0.97236989715926392      -0.23344536489694981     
  0.26703538298606877       0.96858313776990812      -0.24868988825639463     
  0.28274334669113160       0.96455739497147108      -0.26387305110378301     
  0.29845131039619449       0.96029366205580435      -0.27899110722066817     
  0.31415927410125732       0.95579299103526250      -0.29404032645271583     
  0.32986723780632021       0.95105649238313572      -0.30901699563006391     
  0.34557520151138310       0.94608533475965662      -0.32391741948349173     
  0.36128316521644593       0.94088074472365069      -0.33873792155617244     
  0.37699112892150882       0.93544400642990178      -0.35347484511078370     
  0.39269909262657171       0.92977646131230540      -0.36812455403175309     
  0.40840705633163454       0.92387950775289063      -0.38268343372241514     
  0.42411502003669743       0.91775460073678949      -0.39714789199685924     
  0.43982298374176032       0.91140325149324208      -0.41151435996624741     
  0.45553094744682315       0.90482702712272267      -0.42577929291938466     
  0.47123891115188604       0.89802755021028113      -0.43993917119732329     
  0.48694687485694887       0.89100649842519475      -0.45399050106178618     
  0.50265483856201176       0.88376560410702765      -0.46792981555719443     
  0.51836280226707465       0.87630665383820294      -0.48175367536608682     
  0.53407076597213754       0.86863148800318934      -0.49545866965771990     
  0.54977872967720032       0.86074200033441406      -0.50904141692963989     
  0.56548669338226321       0.85264013744501288      -0.52249856584201726     
  0.58119465708732609       0.84432789834853217      -0.53582679604454009     
  0.59690262079238898       0.83580733396570250      -0.54902281899566097     
  0.61261058449745187       0.82708054661840436      -0.56208337877399506     
  0.62831854820251465       0.81814968951095157      -0.57500525288167037     
  0.64402651190757754       0.80901696619882069      -0.58778525303943086     
  0.65973447561264043       0.79968463004495616      -0.60042022597329658     
  0.67544243931770331       0.79015498366378711      -0.61290705419258695     
  0.69115040302276620       0.78043037835309137      -0.62524265675911483     
  0.70685836672782909       0.77051321351384816      -0.63742399004736250     
  0.72256633043289187       0.76040593605822149      -0.64944804849544990     
  0.73827429413795476       0.75011103980582161      -0.66131186534671282     
  0.75398225784301764       0.73963106486839147      -0.67301251338170542     
  0.76969022154808053       0.72896859702307326      -0.68454710564044785     
  0.78539818525314342       0.71812626707440552      -0.69591279613474055     
  0.80110614895820620       0.70710675020521219      -0.70710678055036957     
  0.81681411266326909       0.69591276531654067      -0.71812629693902863     
  0.83252207636833198       0.68454707435681383      -0.72896862639978866     
  0.84823004007339486       0.67301248164036098      -0.73963109374994640     
  0.86393800377845775       0.66131183315549447      -0.75011106818508555     
  0.87964596748352064       0.64944801586230527      -0.76040596392818804     
  0.89535393118858342       0.63742395698034837      -0.77051324086763651     
  0.91106189489364631       0.62524262326639501      -0.78043040518394824     
  0.92676985859870920       0.61290702028243027      -0.79015500996508814     
  0.94247782230377208       0.60042019165407523      -0.79968465581020798     
  0.95818578600883497       0.58778521831961772      -0.80901699142166217     
  0.97389374971389775       0.57500521776983737      -0.81814971418515559     
  0.98960171341896064       0.56208334327881082      -0.82708057073787900     
   1.0053096771240235       0.54902278312588881      -0.83580735752449309     
   1.0210176408290863       0.53582675980903605      -0.84432792134082213     
   1.0367256045341493       0.52249852924972728      -0.85264015986512587     
   1.0524335682392121       0.50904137998959820      -0.86074202217681484     
   1.0681415319442751       0.49545863237904653      -0.86863150926248522     
   1.0838494956493379       0.48175363775798535      -0.87630667450914534     
   1.0995574593544006       0.46792977762894994      -0.88376562418451321     
   1.1152654230594636       0.45399046282276267      -0.89100651790426644     
   1.1309733867645264       0.43993913265696150      -0.89802756908613002     
   1.1466813504695894       0.42577925408719963      -0.90482704539068837     
   1.1623893141746522       0.41151432085182643      -0.91140326914881442     
   1.1780972778797150       0.39714785260985913      -0.91775461777560940     
   1.1938052415847780       0.38268339407256013      -0.92387952417075159     
   1.2095132052898407       0.36812451412883218      -0.92977647710515421     
   1.2252211689949037       0.35347480496464845      -0.93544402159383921     
   1.2409291326999665       0.33873788117673448      -0.94088075925493309     
   1.2566370964050293       0.32391737888072025      -0.94608534865469629     
   1.2723450601100923       0.30901695481398317      -0.95105650563850219     
   1.2880530238151551       0.29404028543340288      -0.95579300364768316     
   1.3037609875202181       0.27899106600825013      -0.96029367402216526     
   1.3194689512252809       0.26387300970843475      -0.96455740628881814     
   1.3351769149303438       0.24868984668833613      -0.96858314843544702     
   1.3508848786354066       0.23344532316644373      -0.97236990717036142     
   1.3665928423404694       0.21814320050103342      -0.97591674816745499     
   1.3823008060455324       0.20278725426210856      -0.97922279629673659     
   1.3980087697505952       0.18738127329983467      -0.98228723584025524     
   1.4137167334556582       0.17192905880969728      -0.98510931069336649     
   1.4294246971607210       0.15643442339461369      -0.98768832455128996     
   1.4451326608657837       0.14090119012423027      -0.99002364108091190     
   1.4608406245708467       0.12533319159163714      -0.99211468407779146     
   1.4765485882759095       0.10973426896773318      -0.99396093760833004     
   1.4922565519809725        9.4108271053474427E-002 -0.99556194613707005     
   1.5079645156860353        7.8459053330240058E-002 -0.99691731463909217     
   1.5236724793910981        6.2790477008549991E-002 -0.99802670869748089     
   1.5393804430961611        4.7106408075368901E-002 -0.99888985458583757     
   1.5550884068012238        3.1410716340231751E-002 -0.99950653933581834     
   1.5707963705062868        1.5707274480426092E-002 -0.99987661078968049     
   1.5865043342113496       -4.2914533095711207E-008 -0.99999997763782544     
   1.6022122979164124       -1.5707360298900491E-002 -0.99987660944132750     
   1.6179202616214754       -3.1410802126933375E-002 -0.99950653663944500     
   1.6336282253265382       -4.7106493809124614E-002 -0.99888985054210955     
   1.6493361890316012       -6.2790562668199726E-002 -0.99802670330739618     
   1.6650441527366640       -7.8459138894642025E-002 -0.99691730790398103     
   1.6807521164417267       -9.4108356501510365E-002 -0.99556193805859505     
   1.6964600801467897      -0.10973435427831353      -0.99396092818848469     
   1.7121680438518525      -0.12533327674370626      -0.99211467331890080     
   1.7278760075569155      -0.14090127509677167      -0.99002362898563145     
   1.7435839712619783      -0.15643450816665516      -0.98768831112260469     
   1.7592919349670413      -0.17192914336031617      -0.98510929593459107     
   1.7749998986721041      -0.18738135760816288      -0.98228721975503230     
   1.7907078623771668      -0.20278733830733786      -0.97922277888903619     
   1.8064158260822298      -0.21814328426242049      -0.97591672944157337     
   1.8221237897872926      -0.23344540662331531      -0.97236988713092032     
   1.8378317534923556      -0.24868992982009408      -0.96858312708739247     
   1.8535397171974184      -0.26387309249456115      -0.96455738363741916     
   1.8692476809024812      -0.27899114842831246      -0.96029365007301248     
   1.8849556446075442      -0.29404036746705897      -0.95579297840668742     
   1.9006636083126069      -0.30901703644098616      -0.95105647911189317     
   1.9163715720176699      -0.32391746008092359      -0.94608532084902108     
   1.9320795357227327      -0.33873796193009714      -0.94088073017705465     
   1.9477874994277955      -0.35347488525123955      -0.93544399125093414     
   1.9634954631328585      -0.36812459392883606      -0.92977644550471150     
   1.9792034268379213      -0.38268347336628133      -0.92387949132057057     
   1.9949113905429843      -0.39714793137772697      -0.91775458368379781     
   2.0106193542480471      -0.41151439907440007      -0.91140323382378641     
   2.0263273179531098      -0.42577933174517291      -0.90482700884116263     
   2.0420352816581726      -0.43993920973116746      -0.89802753132112745     
   2.0577432453632358      -0.45399053929417854      -0.89100647893310780     
   2.0734512090682986      -0.46792985347870170      -0.88376558401681704     
   2.0891591727733614      -0.48175371296735237      -0.87630663315482571     
   2.1048671364784242      -0.49545870692946636      -0.86863146673174862     
   2.1205751001834869      -0.50904145386267086      -0.86074197848015843     
   2.1362830638885502      -0.52249860242722013      -0.85264011501333459     
   2.1519910275936129      -0.53582683227288808      -0.84432787534496589     
   2.1676989912986757      -0.54902285485821523      -0.83580731039592415     
   2.1834069550037385      -0.56208341426190700      -0.82708052248822927     
   2.1991149187088013      -0.57500528798618400      -0.81814966482633356     
   2.2148228824138645      -0.58778528775188466      -0.80901694096585008     
   2.2305308461189273      -0.60042026028512563      -0.79968460426985899     
   2.2462388098239900      -0.61290708809532535      -0.79015495735292285     
   2.2619467735290528      -0.62524269024439771      -0.78043035151295193     
   2.2776547372341156      -0.63742402310692770      -0.77051318615105591     
   2.2933627009391788      -0.64944808112114061      -0.76040590817952791     
   2.3090706646442416      -0.66131189753047903      -0.75011101141810532     
   2.3247786283493044      -0.67301254511560626      -0.73963103597865676     
   2.3404865920543672      -0.68454713691665359      -0.72896856763844808     
   2.3561945557594299      -0.69591282694553425      -0.71812623720214019     
   2.3719025194644932      -0.70710681088814908      -0.70710671985267715     
   2.3876104831695559      -0.71812632679630839      -0.69591273449122493     
   2.4033184468746187      -0.72896865576920189      -0.68454704306632330     
   2.4190264105796815      -0.73963112262424680      -0.67301244989241593     
   2.4347343742847443      -0.75011109655714869      -0.66131180095792830     
   2.4504423379898075      -0.76040599179101354      -0.64944798322306219     
   2.4661503016948703      -0.77051326821434962      -0.63742392390748170     
   2.4818582653999330      -0.78043043200780171      -0.62524258976806490     
   2.4975662291049958      -0.79015503625946371      -0.61290698636690200     
   2.5132741928100586      -0.79968468156861783      -0.60042015732971687     
   2.5289821565151218      -0.80901701663775061      -0.58778518359489840     
   2.5446901202201846      -0.81814973885270081      -0.57500518265332490     
   2.5603980839252474      -0.82708059485079499      -0.56208330777916959     
   2.5761060476303101      -0.83580738107683006      -0.54902274725187794     
   2.5918140113353734      -0.84432794432676916      -0.53582672356950678     
   2.6075219750404361      -0.85264018227901117      -0.52249849265362114     
   2.6232299387454989      -0.86074204401310817      -0.50904134304594484     
   2.6389379024505617      -0.86863153051579911      -0.49545859509696133     
   2.6546458661556245      -0.87630669517423587      -0.48175360014666696     
   2.6703538298606877      -0.88376564425628124      -0.46792973969767848     
   2.6860617935657505      -0.89100653737775970      -0.45399042458089706     
   2.7017697572708133      -0.89802758795654369      -0.43993909411393733     
   2.7174777209758760      -0.90482706365336651      -0.42577921525252693     
   2.7331856846809388      -0.91140328679925109      -0.41151428173508686     
   2.7488936483860020      -0.91775463480944974      -0.39714781322070436     
   2.7646016120910648      -0.92387954058379274      -0.38268335442070872     
   2.7803095757961276      -0.92977649289334630      -0.36812447422406769     
   2.7960175395011904      -0.93544403675328691      -0.35347476481681678     
   2.8117255032062531      -0.94088077378189572      -0.33873784079574143     
   2.8274334669113164      -0.94608536254558973      -0.32391733827652930     
   2.8431414306163791      -0.95105651888989884      -0.30901691399661285     
   2.8588493943214419      -0.95579301625631352      -0.29404024441292415     
   2.8745573580265047      -0.96029368598491860      -0.27899102479478427     
   2.8902653217315675      -0.96455741760274261      -0.26387296831215051     
   2.9059732854366307      -0.96858315909775106      -0.24868980511944752     
   2.9216812491416935      -0.97236991717841448      -0.23344528143520718     
   2.9373892128467562      -0.97591675751878770      -0.21814315861774544     
   2.9530971765518190      -0.97922280498904168      -0.20278721223710325     
   2.9688051402568818      -0.98228724387138777      -0.18738123114348110     
   2.9845131039619450      -0.98510931806134494      -0.17192901653239687     
   3.0002210676670078      -0.98768833125429634      -0.15643438100679774     
   3.0159290313720706      -0.99002364711729252      -0.14090114763635736     
   3.0316369950771334      -0.99211468944605685      -0.12533314901419051     
   3.0473449587821961      -0.99396094230715570      -0.10973422631121818     
   3.0630529224872594      -0.99556195016529658       -9.4108228328415908E-002
   3.0787608861923221      -0.99691731799572569       -7.8459010547179797E-002
   3.0944688498973849      -0.99802671138169330       -6.2790434178044058E-002
   3.1101768136024477      -0.99888985659696627       -4.7106365207985106E-002
   3.1258847773075105      -0.99950654067336742       -3.1410673446546952E-002
   3.1415927410125737      -0.99987661145331963       -1.5707231571023678E-002
   3.1573007047176365      -0.99999997762739101        8.5829065873282463E-008
   3.1730086684226992      -0.99987660875682227        1.5707403207975111E-002
   3.1887166321277620      -0.99950653528103794        3.1410845019962663E-002
   3.2044245958328248      -0.99888984851013563        4.7106536675525369E-002
   3.2201325595378880      -0.99802670060235676        6.2790605497395277E-002
   3.2358405232429508      -0.99691730452654370        7.8459181676064943E-002
   3.2515484869480136      -0.99556193400959292        9.4108399224604955E-002
   3.2672564506530763      -0.99396092346891696       0.10973439693253853     
   3.2829644143581391      -0.99211466792993208       0.12533331931853739     
   3.2986723780632023      -0.99002362292859092       0.14090131758170418     
   3.3143803417682651      -0.98768830439898725       0.15643455055120659     
   3.3300883054733279      -0.98510928854605539       0.17192918563402868     
   3.3457962691783907      -0.98228721170340139       0.18738139976060614     
   3.3615042328834535      -0.97922277017629678       0.20278738032811133     
   3.3772121965885167      -0.97591672006987518       0.21814332614115620     
   3.3929201602935795      -0.97236987710257561       0.23344544834968031     
   3.4086281239986422      -0.96858311640487582       0.24868997138379301     
   3.4243360877037050      -0.96455737230336613       0.26387313388533884     
   3.4400440514087678      -0.96029363809021961       0.27899118963595632     
   3.4557520151138310      -0.95579296577811124       0.29404040848140156     
   3.4714599788188938      -0.95105646584064973       0.30901707725190786     
   3.4871679425239566      -0.94608530693838477       0.32391750067835490     
   3.5028759062290193      -0.94088071563045750       0.33873800230402124     
   3.5185838699340826      -0.93544397607196561       0.35347492539169478     
   3.5342918336391453      -0.92977642969711660       0.36812463382591842     
   3.5499997973442081      -0.92387947488824973       0.38268351301014669     
   3.5657077610492709      -0.91775456663080557       0.39714797075859393     
   3.5814157247543337      -0.91140321615433029       0.41151443818255201     
   3.5971236884593969      -0.90482699055960214       0.42577937057096049     
   3.6128316521644597      -0.89802751243197332       0.43993924826501085     
   3.6285396158695224      -0.89100645944102075       0.45399057752657018     
   3.6442475795745852      -0.88376556392660632       0.46792989140020835     
   3.6599555432796480      -0.87630661247144814       0.48175375056861747     
   3.6756635069847112      -0.86863144546030779       0.49545874420121228     
   3.6913714706897740      -0.86074195662590269       0.50904149079570149     
   3.7070794343948368      -0.85264009258165607       0.52249863901242277     
   3.7227873980998996      -0.84432785234139929       0.53582686850123573     
   3.7384953618049623      -0.83580728682614513       0.54902289072076915     
   3.7542033255100256      -0.82708049835805342       0.56208344974981861     
   3.7699112892150883      -0.81814964014171476       0.57500532309069718     
   3.7856192529201511      -0.80901691573287904       0.58778532246433790     
   3.8013272166252139      -0.79968457849476127       0.60042029459695423     
   3.8170351803302767      -0.79015493104205825       0.61290712199806330     
   3.8327431440353399      -0.78043032467281215       0.62524272372968004     
   3.8484511077404027      -0.77051315878826343       0.63742405616649256     
   3.8641590714454654      -0.76040588030083400       0.64944811374683087     
   3.8798670351505282      -0.75011098303038848       0.66131192971424479     
   3.8955749988555910      -0.73963100708892138       0.67301257684950677     
   3.9112829625606542      -0.72896853825382246       0.68454716819285888     
   3.9269909262657170      -0.71812620732987442       0.69591285775632739     
   3.9426988899707798      -0.70710668950014166       0.70710684122592793     
   3.9584068536758426      -0.69591270366590885       0.71812635665358771     
   3.9741148173809053      -0.68454701177583221       0.72896868513861479     
   3.9898227810859686      -0.67301241814447033       0.73963115149854664     
   4.0055307447910309      -0.66131176876036168       0.75011112492921139     
   4.0212387084960941      -0.64944795058381877       0.76040601965383869     
   4.0369466722011573      -0.63742389083461448       0.77051329556106241     
   4.0526546359062197      -0.62524255626973446       0.78043045883165463     
   4.0683625996112829      -0.61290695245137339       0.79015506255383849     
   4.0840705633163452      -0.60042012300535819       0.79968470732702679     
   4.0997785270214084      -0.58778514887017874       0.80901704185383838     
   4.1154864907264717      -0.57500514753681198       0.81814976352024560     
   4.1311944544315340      -0.56208327227952792       0.82708061896371032     
   4.1469024181365972      -0.54902271137786651       0.83580740462916647     
   4.1626103818416595      -0.53582668732997696       0.84432796731271542     
   4.1783183455467228      -0.52249845605751455       0.85264020469289592     
   4.1940263092517860      -0.50904130610229092       0.86074206584940116     
   4.2097342729568483      -0.49545855781487536       0.86863155176911244     
   4.2254422366619115      -0.48175356253534785       0.87630671583932562     
   4.2411502003669739      -0.46792970176640625       0.88376566432804871     
   4.2568581640720371      -0.45399038633903066       0.89100655685125252     
   4.2725661277771003      -0.43993905557091240       0.89802760682695693     
   4.2882740914821627      -0.42577917641785334       0.90482708191604411     
   4.3039820551872259      -0.41151424261834657       0.91140330444968720     
   4.3196900188922882      -0.39714777383154870       0.91775465184328919     
   4.3353979825973514      -0.38268331476885653       0.92387955699683255     
   4.3511059463024147      -0.36812443431930236       0.92977650868153705     
   4.3668139100074770      -0.35347472466898427       0.93544405191273294     
   4.3825218737125402      -0.33873780041474766       0.94088078830885691     
   4.3982298374176025      -0.32391729767233762       0.94608537643648161     
   4.4139378011226658      -0.30901687317924176       0.95105653214129438     
   4.4296457648277290      -0.29404020339244469       0.95579302886494277     
   4.4453537285327913      -0.27899098358131769       0.96029369794767061     
   4.4610616922378545      -0.26387292691586556       0.96455742891666585     
   4.4767696559429169      -0.24868976355055813       0.96858316976005387     
   4.4924776196479801      -0.23344523970396991       0.97236992718646598     
   4.5081855833530433      -0.21814311673445680       0.97591676687011875     
   4.5238935470581056      -0.20278717021209736       0.97922281368134478     
   4.5396015107631689      -0.18738118898712694       0.98228725190251853     
   4.5553094744682312      -0.17192897425509590       0.98510932542932172     
   4.5710174381732944      -0.15643433861898126       0.98768833795730115     
   4.5867254018783576      -0.14090110514848395       0.99002365315367158     
   4.6024333655834200      -0.12533310643674339       0.99211469481432069     
   4.6181413292884832      -0.10973418365470271       0.99396094700597970     
   4.6338492929935455       -9.4108185603356945E-002  0.99556195419352156     
   4.6495572566986088       -7.8458967764119092E-002  0.99691732135235755     
   4.6652652204036720       -6.2790391347537708E-002  0.99802671406590371     
   4.6809731841087343       -4.7106322340600894E-002  0.99888985860809354     
   4.6966811478137975       -3.1410630552861772E-002  0.99950654201091482     
   4.7123891115188599       -1.5707188661620904E-002  0.99987661211695755     
   4.7280970752239231        1.2874359899482238E-007  0.99999997761695547     
   4.7438050389289863        1.5707446117050061E-002  0.99987660807231582     
   4.7595130026340486        3.1410887912992271E-002  0.99950653392262934     
   4.7752209663391119        4.7106579541926409E-002  0.99888984647816015     
   4.7909289300441742        6.2790648326591120E-002  0.99802669789731580     
   4.8066368937492374        7.8459224457488111E-002  0.99691730114910460     
   4.8223448574543006        9.4108441947699781E-002  0.99556192996058890     
   4.8380528211593630       0.10973443958676374       0.99396091874934722     
   4.8537607848644262       0.12533336189336869       0.99211466254096103     
   4.8694687485694885       0.14090136006663684       0.99002361687154838     
   4.8851767122745517       0.15643459293575807       0.98768829767536759     
   4.9008846759796150       0.17192922790774126       0.98510928115751772     
   4.9165926396846773       0.18738144191304942       0.98228720365176858     
   4.9323006033897405       0.20278742234888483       0.97922276146355536     
   4.9480085670948029       0.21814336801989193       0.97591671069817487     
   4.9637165307998661       0.23344549007604529       0.97236986707422890     
   4.9794244945049293       0.24869001294749188       0.96858310572235684     
   4.9951324582099916       0.26387317527611637       0.96455736096931077     
   5.0108404219150549       0.27899123084360000       0.96029362610742430     
   5.0265483856201172       0.29404044949574398       0.95579295314953261     
   5.0422563493251804       0.30901711806282939       0.95105645256940374     
   5.0579643130302436       0.32391754127578604       0.94608529302774602     
   5.0736722767353060       0.33873804267794516       0.94088070108385813     
   5.0893802404403692       0.35347496553214980       0.93544396089299475     
   5.1050882041454324       0.36812467372300045       0.92977641388951937     
   5.1207961678504947       0.38268355265401177       0.92387945845592656     
   5.1365041315555580       0.39714801013946049       0.91775454957781066     
   5.1522120952606203       0.41151447729070340       0.91140319848487128     
   5.1679200589656835       0.42577940939674730       0.90482697227803888     
   5.1836280226707467       0.43993928679885352       0.89802749354281652     
   5.1993359863758091       0.45399061575896105       0.89100643994893103     
   5.2150439500808723       0.46792992932171401       0.88376554383639316     
   5.2307519137859346       0.48175378816988146       0.87630659178806847     
   5.2464598774909978       0.49545878147295708       0.86863142418886463     
   5.2621678411960611       0.50904152772873079       0.86074193477164462     
   5.2778758049011234       0.52249867559762386       0.85264007014997523     
   5.2935837686061866       0.53582690472958194       0.84432782933783046     
   5.3092917323112490       0.54902292658332152       0.83580726325636412     
   5.3249996960163122       0.56208348523772889       0.82708047422787567     
   5.3407076597213754       0.57500535819520893       0.81814961545709397     
   5.3564156234264377       0.58778535717678970       0.80901689049990566     
   5.3721235871315010       0.60042032890878128       0.79968455271966132     
   5.3878315508365633       0.61290715590079980       0.79015490473119143     
   5.4035395145416265       0.62524275721496103       0.78043029783267015     
   5.4192474782466897       0.63742408922605587       0.77051313142546873     
   5.4349554419517521       0.64944814637251957       0.76040585242213798     
   5.4506634056568153       0.66131196189800900       0.75011095464266975     
   5.4663713693618776       0.67301260858340561       0.73963097819918411     
   5.4820793330669408       0.68454719946906251       0.72896850886919473     
   5.4977872967720041       0.69591288856711897       0.71812617745760654     
   5.5134952604770664       0.70710687156370533       0.70710665914760418     
   5.5292032241821296       0.71812638651086547       0.69591267284059066     
   5.5449111878871920       0.72896871450802603       0.68454698048533913     
   5.5606191515922552       0.73963118037284514       0.67301238639652283     
   5.5763271152973184       0.75011115330127243       0.66131173656279296     
   5.5920350790023807       0.76040604751666219       0.64944791794457313     
   5.6077430427074439       0.77051332290777352       0.63742385776174537     
   5.6234510064125063       0.78043048565550599       0.62524252277140191     
   5.6391589701175695       0.79015508884821162       0.61290691853584278     
   5.6548669338226327       0.79968473308543386       0.60042008868099761     
   5.6705748975276951       0.80901706706992393       0.58778511414545709     
   5.6862828612327583       0.81814978818778805       0.57500511242029717     
   5.7019908249378206       0.82708064307662332       0.56208323677988448     
   5.7176987886428838       0.83580742818150056       0.54902267550385342     
   5.7334067523479471       0.84432799029865935       0.53582665109044558     
   5.7491147160530094       0.85264022710677834       0.52249841946140652     
   5.7648226797580726       0.86074208768569183       0.50904126915863568     
   5.7805306434631349       0.86863157302242355       0.49545852053278822     
   5.7962386071681982       0.87630673650441315       0.48175352492402762     
   5.8119465708732614       0.88376568439981396       0.46792966383513296     
   5.8276545345783237       0.89100657632474289       0.45399034809716327     
   5.8433624982833869       0.89802762569736794       0.43993901702788651     
   5.8590704619884493       0.90482710017871970       0.42577913758317887     
   5.8747784256935125       0.91140332210012109       0.41151420350160550     
   5.8904863893985757       0.91775466887712653       0.39714773444239237     
   5.9061943531036381       0.92387957340987048       0.38268327511700362     
   5.9219023168087013       0.92977652446972581       0.36812439441453643     
   5.9376102805137636       0.93544406707217720       0.35347468452115122     
   5.9533182442188268       0.94088080283581621       0.33873776003375333     
   5.9690262079238900       0.94608539032737160       0.32391725706814539     
   5.9847341716289524       0.95105654539268758       0.30901683236187016     
   6.0004421353340156       0.95579304147357003       0.29404016237196484     
   6.0161500990390779       0.96029370991042062       0.27899094236785071     
   6.0318580627441412       0.96455744023058698       0.26387288551958032     
   6.0475660264492044       0.96858318042235458       0.24868972198166844     
   6.0632739901542667       0.97236993719451559       0.23344519797273230     
   6.0789819538593299       0.97591677622144779       0.21814307485116788     
   6.0946899175643923       0.97922282237364622       0.20278712818709113     
   6.1103978812694555       0.98228725993364741       0.18738114683077248     
   6.1261058449745187       0.98510933279729662       0.17192893197779469     
   6.1418138086795810       0.98768834466030409       0.15643429623116459     
   6.1575217723846443       0.99002365919004853       0.14090106266061034     
   6.1732297360897066       0.99211470018258241       0.12533306385929616     
   6.1889376997947698       0.99396095170480181       0.10973414099818712     
   6.2046456634998330       0.99556195822174454        9.4108142878297898E-002
   6.2203536272048954       0.99691732470898742        7.8458924981058373E-002
   6.2360615909099586       0.99802671675011245        6.2790348517031386E-002
   6.2517695546150209       0.99888986061921881        4.7106279473216738E-002
   6.2674775183200842       0.99950654334846034        3.1410587659176682E-002
   6.2831854820251474       0.99987661278059314        1.5707145752218248E-002
   6.2988934457302097       0.99999997760651760       -1.7165813195798435E-007
   6.3146014094352729       0.99987660738780693       -1.5707489026124809E-002
   6.3303093731403353       0.99950653256421862       -3.1410930806021628E-002
   6.3460173368453985       0.99888984444618267       -4.7106622408327171E-002
   6.3617253005504617       0.99802669519227283       -6.2790691155786643E-002
   6.3774332642555240       0.99691729777166349       -7.8459267238910932E-002
   6.3931412279605873       0.99556192591158321       -9.4108484670794218E-002
   6.4088491916656496       0.99396091402977582      -0.10973448224098849     
   6.4245571553707128       0.99211465715198821      -0.12533340446819946     
   6.4402651190757760       0.99002361081450418      -0.14090140255156897     
   6.4559730827808384       0.98768829095174626      -0.15643463532030905     
   6.4716810464859016       0.98510927376897828      -0.17192927018145329     
   6.4873890101909639       0.98228719560013411      -0.18738148406549210     
   6.5030969738960271       0.97922275275081250      -0.20278746436965767     
   6.5188049376010904       0.97591670132647335      -0.21814340989862691     
   6.5345129013061527       0.97236985704588097      -0.23344553180240948     
   6.5502208650112159       0.96858309503983686      -0.24869005451118995     
   6.5659288287162783       0.96455734963525452      -0.26387321666689306     
   6.5816367924213415       0.96029361412462833      -0.27899127205124274     
   6.5973447561264047       0.95579294052095343      -0.29404049051008546     
   6.6130527198314670       0.95105643929815731      -0.30901715887374992     
   6.6287606835365303       0.94608527911710671      -0.32391758187321612     
   6.6444686472415926       0.94088068653725832      -0.33873808305186798     
   6.6601766109466558       0.93544394571402345      -0.35347500567260376     
   6.6758845746517190       0.92977639808192203      -0.36812471362008142     
   6.6915925383567814       0.92387944202360295      -0.38268359229787585     
   6.7073005020618446       0.91775453252481554      -0.39714804952032606     
   6.7230084657669069       0.91140318081541216      -0.41151451639885384     
   6.7387164294719701       0.90482695399647550      -0.42577944822253333     
   6.7544243931770334       0.89802747465365951      -0.43993932533269536     
   6.7701323568820957       0.89100642045684098      -0.45399065399135113     
   6.7858403205871589       0.88376552374617945      -0.46792996724321911     
   6.8015482842922212       0.87630657110468813      -0.48175382577114489     
   6.8172562479972845       0.86863140291742102      -0.49545881874470132     
   6.8329642117023477       0.86074191291738589      -0.50904156466175954     
   6.8486721754074100       0.85264004771829371      -0.52249871218282451     
   6.8643801391124732       0.84432780633426097      -0.53582694095792760     
   6.8800881028175356       0.83580723968658222      -0.54902296244587334     
   6.8957960665225988       0.82708045009769693      -0.56208352072563827     
   6.9115040302276620       0.81814959077247218      -0.57500539329972000     
   6.9272119939327244       0.80901686526693140      -0.58778539188924084     
   6.9429199576377876       0.79968452694456049      -0.60042036322060766     
   6.9586279213428499       0.79015487842032350      -0.61290718980353553     
   6.9743358850479131       0.78043027099252715      -0.62524279070024091     
   6.9900438487529764       0.77051310406267293      -0.63742412228561807     
   7.0057518124580387       0.76040582454344063      -0.64944817899820717     
   7.0214597761631019       0.75011092625494979      -0.66131199408177221     
   7.0371677398681651       0.73963094930944573      -0.67301264031730346     
   7.0528757035732275       0.72896847948456611      -0.68454723074526513     
   7.0685836672782907       0.71812614758533777      -0.69591291937790944     
   7.0842916309833530       0.70710662879506581      -0.70710690190148140     
   7.0999995946884162       0.69591264201527181      -0.71812641636814178     
   7.1157075583934795       0.68454694919484527      -0.72896874387743593     
   7.1314155220985418       0.67301235464857467      -0.73963120924714199     
   7.1471234858036050       0.66131170436522368      -0.75011118167333213     
   7.1628314495086673       0.64944788530532715      -0.76040607537948413     
   7.1785394132137306       0.63742382468887582      -0.77051335025448320     
   7.1942473769187938       0.62524248927306902      -0.78043051247935591     
   7.2099553406238561       0.61290688462031173      -0.79015511514258352     
   7.2256633043289193       0.60042005435663659      -0.79968475884384005     
   7.2413712680339817       0.58778507942073510      -0.80901709228600871     
   7.2570792317390449       0.57500507730378203      -0.81814981285532984     
   7.2727871954441081       0.56208320128024081      -0.82708066718953577     
   7.2884951591491705       0.54902263962983999      -0.83580745173383408     
   7.3042031228542337       0.53582661485091387      -0.84432801328460283     
   7.3199110865592960       0.52249838286529804      -0.85264024952066042     
   7.3356190502643592       0.50904123221498010      -0.86074210952198205     
   7.3513270139694225       0.49545848325070069      -0.86863159427573411     
   7.3670349776744848       0.48175348731270701      -0.87630675716950013     
   7.3827429413795480       0.46792962590385923      -0.88376570447157854     
   7.3984509050846103       0.45399030985529543      -0.89100659579823271     
   7.4141588687896736       0.43993897848486019      -0.89802764456777795     
   7.4298668324947368       0.42577909874850400      -0.90482711844139430     
   7.4455747961997991       0.41151416438486388      -0.91140333975055410     
   7.4612827599048623       0.39714769505323555      -0.91775468591096310     
   7.4769907236099247       0.38268323546515032      -0.92387958982290752     
   7.4926986873149879       0.36812435450977010      -0.92977654025791379     
   7.5084066510200511       0.35347464437331771      -0.93544408223162046     
   7.5241146147251134       0.33873771965275856      -0.94088081736277451     
   7.5398225784301767       0.32391721646395277      -0.94608540421826059     
   7.5555305421352390       0.30901679154449818      -0.95105655864407990     
   7.5712385058403022       0.29404012135148455      -0.95579305408219595     
   7.5869464695453654       0.27899090115438330      -0.96029372187316930     
   7.6026544332504278       0.26387284412329459      -0.96455745154450678     
   7.6183623969554910       0.24868968041277836      -0.96858319108465407     
   7.6340703606605533       0.23344515624149431      -0.97236994720256398     
   7.6497783243656166       0.21814303296787857      -0.97591678557277572     
   7.6654862880706798       0.20278708616208460      -0.97922283106594621     
   7.6811942517757421       0.18738110467441776      -0.98228726796477495     
   7.6969022154808053       0.17192888970049325      -0.98510934016527008     
   7.7126101791858677       0.15643425384334769      -0.98768835136330557     
   7.7283181428909309       0.14090102017273656      -0.99002366522642427     
   7.7440261065959941       0.12533302128184873      -0.99211470555084291     
   7.7597340703010564       0.10973409834167142      -0.99396095640362248     
   7.7754420340061197        9.4108100153238741E-002 -0.99556196224996596     
   7.7911499977111820        7.8458882197997543E-002 -0.99691732806561595     
   7.8068579614162452        6.2790305686524953E-002 -0.99802671943431975     
   7.8225659251213084        4.7106236605832512E-002 -0.99888986263034241     
   7.8382738888263708        3.1410544765491537E-002 -0.99950654468600431     
   7.8539818525314340        1.5707102842815561E-002 -0.99987661344422740     
   7.8696898162364963       -2.1457266493186658E-007 -0.99999997759607828     
   7.8853977799415595       -1.5707531935199550E-002 -0.99987660670329670     
   7.9011057436466228       -3.1410973699050965E-002 -0.99950653120580624     
   7.9168137073516851       -4.7106665274727885E-002 -0.99888984241420331     
   7.9325216710567483       -6.2790733984982097E-002 -0.99802669248722797     
   7.9482296347618107       -7.8459310020333656E-002 -0.99691729439422061     
   7.9639375984668739       -9.4108527393888544E-002 -0.99556192186257553     
   7.9796455621719371      -0.10973452489521313      -0.99396090931020242     
   7.9953535258769994      -0.12533344704303012      -0.99211465176301372     
   8.0110614895820618      -0.14090144503650096      -0.99002360475745799     
   8.0267694532871250      -0.15643467770485978      -0.98768828422812294     
   8.0424774169921882      -0.17192931245516510      -0.98510926638043683     
   8.0581853806972514      -0.18738152621793452      -0.98228718754849753     
   8.0738933444023147      -0.20278750639043022      -0.97922274403806719     
   8.0896013081073761      -0.21814345177736164      -0.97591669195476927     
   8.1053092718124393      -0.23344557352877343      -0.97236984701753038     
   8.1210172355175025      -0.24869009607488773      -0.96858308435731411     
   8.1367251992225658      -0.26387325805766942      -0.96455733830119550     
   8.1524331629276290      -0.27899131325888521      -0.96029360214182957     
   8.1681411266326904      -0.29404053152442655      -0.95579292789237136     
   8.1838490903377537      -0.30901719968467001      -0.95105642602690776     
   8.1995570540428169      -0.32391762247064571      -0.94608526520646441     
   8.2152650177478801      -0.33873812342579029      -0.94088067199065550     
   8.2309729814529433      -0.35347504581305711      -0.93544393053504926     
   8.2466809451580048      -0.36812475351716184      -0.92977638227432147     
   8.2623889088630680      -0.38268363194173921      -0.92387942559127645     
   8.2780968725681312      -0.39714808890119085      -0.91775451547181763     
   8.2938048362731944      -0.41151455550700350      -0.91140316314595027     
   8.3095127999782576      -0.42577948704831842      -0.90482693571490924     
   8.3252207636833191      -0.43993936386653626      -0.89802745576449983     
   8.3409287273883823      -0.45399069222374017      -0.89100640096474826     
   8.3566366910934455      -0.46793000516472300      -0.88376550365596318     
   8.3723446547985088      -0.48175386337240711      -0.87630655042130523     
   8.3880526185035720      -0.49545885601644435      -0.86863138164597475     
   8.4037605822086334      -0.50904160159478717      -0.86074189106312482     
   8.4194685459136966      -0.52249874876802394      -0.85264002528660998     
   8.4351765096187599      -0.53582697718627204      -0.84432778333068914     
   8.4508844733238231      -0.54902299830842405      -0.83580721611679831     
   8.4665924370288863      -0.56208355621354655      -0.82708042596751630     
   8.4823004007339478      -0.57500542840422975      -0.81814956608784861     
   8.4980083644390110      -0.58778542660169064      -0.80901684003395546     
   8.5137163281440742      -0.60042039753243281      -0.79968450116945800     
   8.5294242918491374      -0.61290722370626982      -0.79015485210945402     
   8.5451322555542006      -0.62524282418551969      -0.78043024415238249     
   8.5608402192592621      -0.63742415534517904      -0.77051307669987568     
   8.5765481829643253      -0.64944821162389366      -0.76040579666474206     
   8.5922561466693885      -0.66131202626553409      -0.75011089786722851     
   8.6079641103744517      -0.67301267205119997      -0.73963092041970602     
   8.6236720740795150      -0.68454726202146632      -0.72896845009993594     
   8.6393800377845764      -0.69591295018869836      -0.71812611771306745     
   8.6550880014896396      -0.70710693223925614      -0.70710659844252588     
   8.6707959651947029      -0.71812644622541688      -0.69591261118995140     
   8.6865039288997661      -0.72896877324684450      -0.68454691790435007     
   8.7022118926048293      -0.73963123812143761      -0.67301232290062485     
   8.7179198563098907      -0.75011121004539050      -0.66131167216765285     
   8.7336278200149540      -0.76040610324230484      -0.64944785266607941     
   8.7493357837200172      -0.77051337760119143      -0.63742379161600449     
   8.7650437474250804      -0.78043053930320450      -0.62524245577473436     
   8.7807517111301436      -0.79015514143695365      -0.61290685070477890     
   8.7964596748352051      -0.79968478460224413      -0.60042002003227379     
   8.8121676385402683      -0.80901711750209149      -0.58778504469601145     
   8.8278756022453315      -0.81814983752286941      -0.57500504218726523     
   8.8435835659503947      -0.82708069130244588      -0.56208316578059525     
   8.8592915296554580      -0.83580747528616517      -0.54902260375582490     
   8.8749994933605194      -0.84432803627054376      -0.53582657861138039     
   8.8907074570655826      -0.85264027193453962      -0.52249834626918790     
   8.9064154207706459      -0.86074213135826938      -0.50904119527132274     
   8.9221233844757091      -0.86863161552904167      -0.49545844596861155     
   8.9378313481807723      -0.87630677783458399      -0.48175344970138478     
   8.9535393118858337      -0.88376572454334001      -0.46792958797258399     
   8.9692472755908970      -0.89100661527171943      -0.45399027161342626     
   8.9849552392959602      -0.89802766343818519      -0.43993893994183259     
   9.0006632030010234      -0.90482713670406589      -0.42577905991382781     
   9.0163711667060866      -0.91140335740098399      -0.41151412526812103     
   9.0320791304111481      -0.91775470294479622      -0.39714765566407756     
   9.0477870941162113      -0.92387960623594134      -0.38268319581329580     
   9.0634950578212745      -0.92977655604609843      -0.36812431460500261     
   9.0792030215263377      -0.93544409739106049      -0.35347460422548316     
   9.0949109852314010      -0.94088083188972971      -0.33873767927176279     
   9.1106189489364624      -0.94608541810914659      -0.32391717585975932     
   9.1263269126415256      -0.95105657189546933      -0.30901675072712537     
   9.1420348763465888      -0.95579306669081932      -0.29404008033100348     
   9.1577428400516521      -0.96029373383591543      -0.27899085994091521     
   9.1734508037567153      -0.96455746285842392      -0.26387280272700825     
   9.1891587674617767      -0.96858320174695067      -0.24868963884388767     
   9.2048667311668400      -0.97236995721060937      -0.23344511451025579     
   9.2205746948719032      -0.97591679492410066      -0.21814299108458879     
   9.2362826585769664      -0.97922283975824320      -0.20278704413707760     
   9.2519906222820296      -0.98228727599589949      -0.18738106251806264     
   9.2676985859870911      -0.98510934753324053      -0.17192884742319139     
   9.2834065496921543      -0.98768835806630395      -0.15643421145553044     
   9.2991145133972175      -0.99002367126279689      -0.14090097768486243     
   9.3148224771022807      -0.99211471091910031      -0.12533297870440099     
   9.3305304408073440      -0.99396096110244014      -0.10973405568515543     
   9.3462384045124054      -0.99556196627818461       -9.4108057428179362E-002
   9.3619463682174686      -0.99691733142224137       -7.8458839414936546E-002
   9.3776543319225318      -0.99802672211852372       -6.2790262856018422E-002
   9.3933622956275951      -0.99888986464146301       -4.7106193738448224E-002
   9.4090702593326583      -0.99950654602354516       -3.1410501871806384E-002
   9.4247782230377197      -0.99987661410785855       -1.5707059933412915E-002
   9.4404861867427829      -0.99999997758563586        2.5748719781500378E-007
   9.4561941504478462      -0.99987660601878348        1.5707574844274153E-002
   9.4719021141529094      -0.99950652984739097        3.1411016592080114E-002
   9.4876100778579726      -0.99888984038222117        4.7106708141128370E-002
   9.5033180415630341      -0.99802668978218012        6.2790776814177260E-002
   9.5190260052680973      -0.99691729101677473        7.8459352801756047E-002
   9.5347339689731605      -0.99556191781356496        9.4108570116982468E-002
   9.5504419326782237      -0.99396090459062614       0.10973456754943731     
   9.5661498963832869      -0.99211464637403612       0.12533348961786028     
   9.5818578600883484      -0.99002359870040879       0.14090148752143236     
   9.5975658237934116      -0.98768827750449673       0.15643472008940995     
   9.6132737874984748      -0.98510925899189250       0.17192935472887624     
   9.6289817512035381      -0.98228717949685806       0.18738156837037626     
   9.6446897149086013      -0.97922273532531945       0.20278754841120211     
   9.6603976786136627      -0.97591668258306297       0.21814349365609559     
   9.6761056423187259      -0.97236983698917767       0.23344561525513652     
   9.6918136060237892      -0.96858307367478935       0.24869013763858458     
   9.7075215697288524      -0.96455732696713437       0.26387329944844490     
   9.7232295334339156      -0.96029359015902849       0.27899135446652668     
   9.7389374971389771      -0.95579291526378707       0.29404057253876670     
   9.7546454608440403      -0.95105641275565622       0.30901724049558915     
   9.7703534245491035      -0.94608525129581988       0.32391766306807435     
   9.7860613882541667      -0.94088065744405025       0.33873816379971161     
   9.8017693519592299      -0.93544391535607252       0.35347508595350946     
   9.8174773156642914      -0.92977636646671846       0.36812479341424115     
   9.8331852793693546      -0.92387940915894751       0.38268367158560146     
   9.8488932430744178      -0.91775449841881707       0.39714812828205454     
   9.8646012067794810      -0.91140314547648593       0.41151459461515189     
   9.8803091704845443      -0.90482691743334065       0.42577952587410223     
   9.8960171341896057      -0.89802743687533748       0.43993940240037593     
   9.9117250978946689      -0.89100638147265299       0.45399073045612792     
   9.9274330615997322      -0.88376548356574425       0.46793004308622554     
   9.9431410253047954      -0.87630652973791967       0.48175390097366794     
   9.9588489890098586      -0.86863136037452593       0.49545889328818582     
   9.9745569527149200      -0.86074186920886109       0.50904163852781303     
   9.9902649164199833      -0.85264000285492358       0.52249878535322158     
   10.005972880125046      -0.84432776032711487       0.53582701341461458     
   10.021680843830110      -0.83580719254701186       0.54902303417097276     
   10.037388807535173      -0.82708040183733333       0.56208359170145294     
   10.053096771240234      -0.81814954140322271       0.57500546350873771     
   10.068804734945298      -0.80901681480097731       0.58778546131413845     
   10.084512698650361      -0.79968447539435317       0.60042043184425586     
   10.100220662355424      -0.79015482579858254       0.61290725760900222     
   10.115928626060487      -0.78043021731223594       0.62524285767079624     
   10.131636589765550      -0.77051304933707632       0.63742418840473802     
   10.147344553470612      -0.76040576878604149       0.64944824424957792     
   10.163052517175675      -0.75011086947950523       0.66131205844929386     
   10.178760480880738      -0.73963089152996442       0.67301270378509426     
   10.194468444585802      -0.72896842071530410       0.68454729329766539     
   10.210176408290865      -0.71812608784079546       0.69591298099948518     
   10.225884371995926      -0.70710656808998451       0.70710696257702865     
   10.241592335700989      -0.69591258036462944       0.71812647608268965     
   10.257300299406053      -0.68454688661385332       0.72896880261625074     
   10.273008263111116      -0.67301229115267380       0.73963126699573079     
   10.288716226816179      -0.66131163997008080       0.75011123841744642     
   10.304424190521241      -0.64944782002683055       0.76040613110512301     
   10.320132154226304      -0.63742375854313216       0.77051340494789722     
   10.335840117931367      -0.62524242227639859       0.78043056612705031     
   10.351548081636430      -0.61290681678924508       0.79015516773132144     
   10.367256045341493      -0.60041998570791022       0.79968481036064598     
   10.382964009046555      -0.58778500997128691       0.80901714271817171     
   10.398671972751618      -0.57500500707074764       0.81814986219040653     
   10.414379936456681      -0.56208313028094903       0.82708071541535333     
   10.430087900161745      -0.54902256788180903       0.83580749883849381     
   10.445795863866808      -0.53582654237184646       0.84432805925648224     
   10.461503827571869      -0.52249830967307731       0.85264029434841659     
   10.477211791276932      -0.50904115832766517       0.86074215319455449     
   10.492919754981996      -0.49545840868652213       0.86863163678234723     
   10.508627718687059      -0.48175341209006239       0.87630679849966597     
   10.524335682392122      -0.46792955004130848       0.88376574461509971     
   10.540043646097184      -0.45399023337155675       0.89100663474520425     
   10.555751609802247      -0.43993890139880470       0.89802768230859042     
   10.571459573507310      -0.42577902107915144       0.90482715496673538     
   10.587167537212373      -0.41151408615137802       0.91140337505141189     
   10.602875500917436      -0.39714761627491940       0.91775471997862756     
   10.618583464622498      -0.38268315616144116       0.92387962264897316     
   10.634291428327561      -0.36812427470023501       0.92977657183428120     
   10.649999392032624      -0.35347456407764849       0.93544411255049864     
   10.665707355737688      -0.33873763889076702       0.94088084641668279     
   10.681415319442751      -0.32391713525556576       0.94608543200003037     
   10.697123283147812      -0.30901670990975250       0.95105658514685643     
   10.712831246852875      -0.29404003931052242       0.95579307929944002     
   10.728539210557939      -0.27899081872744708       0.96029374579865889     
   10.744247174263002      -0.26387276133072196       0.96455747417233861     
   10.759955137968065      -0.24868959727499712       0.96858321240924516     
   10.775663101673127      -0.23344507277901749       0.97236996721865276     
   10.791371065378190      -0.21814294920129923       0.97591680427542360     
   10.807079029083253      -0.20278700211207087       0.97922284845053853     
   10.822786992788316      -0.18738102036170776       0.98228728402702226     
   10.838494956493379      -0.17192880514588985       0.98510935490120932     
   10.854202920198441      -0.15643416906771349       0.98768836476930078     
   10.869910883903504      -0.14090093519698865       0.99002367729916774     
   10.885618847608567      -0.12533293612695365       0.99211471628735604     
   10.901326811313631      -0.10973401302863987       0.99396096580125592     
   10.917034775018694       -9.4108014703120441E-002  0.99556197030640137     
   10.932742738723755       -7.8458796631876021E-002  0.99691733477886513     
   10.948450702428818       -6.2790220025512392E-002  0.99802672480272647     
   10.964158666133882       -4.7106150871064449E-002  0.99888986665258206     
   10.979866629838945       -3.1410458978121759E-002  0.99950654736108446     
   10.995574593544008       -1.5707017024010828E-002  0.99987661477148815     
   11.011282557249070        3.0040173011547134E-007  0.99999997757519199     
   11.026990520954133        1.5707617753348148E-002  0.99987660533426870     
   11.042698484659196        3.1411059485108632E-002  0.99950652848897414     
   11.058406448364259        4.7106751007528203E-002  0.99888983835023748     
   11.074114412069322        6.2790819643371770E-002  0.99802668707713105     
   11.089822375774384        7.8459395583177743E-002  0.99691728763932752     
   11.105530339479447        9.4108612840075698E-002  0.99556191376455305     
   11.121238303184510       0.10973461020366078       0.99396089987104863     
   11.136946266889574       0.12533353219268970       0.99211464098505764     
   11.152654230594637       0.14090153000636305       0.99002359264335860     
   11.168362194299698       0.15643476247395935       0.98768827078086951     
   11.184070158004761       0.17192939700258664       0.98510925160334717     
   11.199778121709825       0.18738161052281721       0.98228717144521771     
   11.215486085414888       0.20278759043197311       0.97922272661257059     
   11.231194049119951       0.21814353553482874       0.97591667321135522     
   11.246902012825013       0.23344565698149880       0.97236982696082341     
   11.262609976530076       0.24869017920228068       0.96858306299226304     
   11.278317940235139       0.26387334083921954       0.96455731563307168     
   11.294025903940202       0.27899139567416731       0.96029357817622607     
   11.309733867645265       0.29404061355310601       0.95579290263520145     
   11.325441831350327       0.30901728130650735       0.95105639948440335     
   11.341149795055390       0.32391770366550210       0.94608523738517414     
   11.356857758760453       0.33873820417363198       0.94088064289744400     
   11.372565722465517       0.35347512609396087       0.93544390017709489     
   11.388273686170580       0.36812483331131951       0.92977635065911468     
   11.403981649875641       0.38268371122946276       0.92387939272661790     
   11.419689613580704       0.39714816766291727       0.91775448136581594     
   11.435397577285768       0.41151463372329933       0.91140312780702071     
   11.451105540990831       0.42577956469988504       0.90482689915177117     
   11.466813504695894       0.43993944093421433       0.89802741798617447     
   11.482521468400956       0.45399076868851435       0.89100636198055705     
   11.498229432106019       0.46793008100772693       0.88376546347552487     
   11.513937395811082       0.48175393857492754       0.87630650905453356     
   11.529645359516145       0.49545893055992618       0.86863133910307666     
   11.545353323221208       0.50904167546083789       0.86074184735459680     
   11.561061286926270       0.52249882193841823       0.85263998042323674     
   11.576769250631333       0.53582704964295624       0.84432773732354005     
   11.592477214336396       0.54902307003352058       0.83580716897722485     
   11.608185178041460       0.56208362718935834       0.82708037770714937     
   11.623893141746523       0.57500549861324446       0.81814951671859582     
   11.639601105451584       0.58778549602658525       0.80901678956799805     
   11.655309069156647       0.60042046615607780       0.79968444961924756     
   11.671017032861711       0.61290729151173340       0.79015479948770995     
   11.686724996566774       0.62524289115607179       0.78043019047208828     
   11.702432960271837       0.63742422146429578       0.77051302197427596     
   11.718140923976899       0.64944827687526108       0.76040574090733981     
   11.733848887681962       0.66131209063305252       0.75011084109178094     
   11.749556851387025       0.67301273551898744       0.73963086264022160     
   11.765264815092088       0.68454732457386325       0.72896839133067093     
   11.780972778797151       0.69591301181027077       0.71812605796852236     
   11.796680742502213       0.70710699291479995       0.70710653773744181     
   11.812388706207276       0.71812650593996108       0.69591254953930626     
   11.828096669912339       0.72896883198565565       0.68454685532335535     
   11.843804633617403       0.73963129587002263       0.67301225940472154     
   11.859512597322466       0.75011126678950080       0.66131160777250741     
   11.875220561027527       0.76040615896793984       0.64944778738758058     
   11.890928524732590       0.77051343229460156       0.63742372547025861     
   11.906636488437654       0.78043059295089490       0.62524238877806193     
   11.922344452142717       0.79015519402568768       0.61290678287371037     
   11.938052415847780       0.79968483611904639       0.60041995138354554     
   11.953760379552842       0.80901716793425082       0.58778497524656137     
   11.969468343257905       0.81814988685794243       0.57500497195422906     
   11.985176306962968       0.82708073952825978       0.56208309478130181     
   12.000884270668031       0.83580752239082123       0.54902253200779227     
   12.016592234373094       0.84432808224241951       0.53582650613231142     
   12.032300198078156       0.85264031676229224       0.52249827307696561     
   12.048008161783219       0.86074217503083816       0.50904112138400626     
   12.063716125488282       0.86863165803565123       0.49545837140443144     
   12.079424089193346       0.87630681916474640       0.48175337447873867     
   12.095132052898409       0.88376576468685764       0.46792951211003192     
   12.110840016603470       0.89100665421868752       0.45399019512968608     
   12.126547980308533       0.89802770117899411       0.43993886285577560     
   12.142255944013597       0.90482717322940343       0.42577898224447386     
   12.157963907718660       0.91140339270183823       0.41151404703463390     
   12.173671871423723       0.91775473701245724       0.39714757688576013     
   12.189379835128785       0.92387963906200332       0.38268311650958547     
   12.205087798833848       0.92977658762246218       0.36812423479546635     
   12.220795762538911       0.93544412770993501       0.35347452392981282     
   12.236503726243974       0.94088086094363410       0.33873759850977020     
   12.252211689949037       0.94608544589091237       0.32391709465137114     
   12.267919653654099       0.95105659839824164       0.30901666909237868     
   12.283627617359162       0.95579309190805906       0.29403999829004041     
   12.299335581064225       0.96029375776140058       0.27899077751397811     
   12.315043544769289       0.96455748548625142       0.26387271993443473     
   12.330751508474352       0.96858322307153777       0.24868955570610562     
   12.346459472179413       0.97236997722669405       0.23344503104777825     
   12.362167435884476       0.97591681362674443       0.21814290731800878     
   12.377875399589540       0.97922285714283164       0.20278696008706332     
   12.393583363294603       0.98228729205814291       0.18738097820535210     
   12.409291326999666       0.98510936226917578       0.17192876286858755     
   12.424999290704728       0.98768837147229527       0.15643412667989587     
   12.440707254409791       0.99002368333553636       0.14090089270911427     
   12.456415218114854       0.99211472165560943       0.12533289354950572     
   12.472123181819917       0.99396097050006971       0.10973397037212376     
   12.487831145524980       0.99556197433461591        9.4107971978061006E-002
   12.503539109230042       0.99691733813548677        7.8458753848815024E-002
   12.519247072935105       0.99802672748692689        6.2790177195005917E-002
   12.534955036640168       0.99888986866369900        4.7106108003680286E-002
   12.550663000345232       0.99950654869862166        3.1410416084436794E-002
   12.566370964050295       0.99987661543511541        1.5706974114608429E-002
