   0.0000000000000000       -3.0000000000000000     
   5.0000000000000001E-003  -2.9301748750000001     
   1.0000000000000000E-002  -2.8606989999999999     
   1.4999999999999999E-002  -2.7915716250000000     
   2.0000000000000000E-002  -2.7227920000000001     
   2.5000000000000001E-002  -2.6543593749999999     
   2.9999999999999999E-002  -2.5862729999999998     
   3.5000000000000003E-002  -2.5185321250000001     
   4.0000000000000001E-002  -2.4511360000000000     
   4.4999999999999998E-002  -2.3840838750000000     
   5.0000000000000003E-002  -2.3173750000000002     
   5.5000000000000000E-002  -2.2510086249999999     
   5.9999999999999998E-002  -2.1849840000000000     
   6.5000000000000002E-002  -2.1193003749999999     
   7.0000000000000007E-002  -2.0539570000000000     
   7.4999999999999997E-002  -1.9889531249999999     
   8.0000000000000002E-002  -1.9242880000000000     
   8.5000000000000006E-002  -1.8599608749999998     
   8.9999999999999997E-002  -1.7959710000000000     
   9.5000000000000001E-002  -1.7323176249999999     
  0.10000000000000001       -1.6689999999999998     
  0.10500000000000000       -1.6060173750000000     
  0.11000000000000000       -1.5433690000000000     
  0.11500000000000000       -1.4810541250000000     
  0.12000000000000000       -1.4190720000000001     
  0.12500000000000000       -1.3574218750000000     
  0.13000000000000000       -1.2961030000000000     
  0.13500000000000001       -1.2351146250000000     
  0.14000000000000001       -1.1744559999999997     
  0.14499999999999999       -1.1141263750000001     
  0.14999999999999999       -1.0541250000000000     
  0.15500000000000000      -0.99445112500000032     
  0.16000000000000000      -0.93510399999999994     
  0.16500000000000001      -0.87608287499999982     
  0.17000000000000001      -0.81738699999999964     
  0.17499999999999999      -0.75901562500000042     
  0.17999999999999999      -0.70096800000000004     
  0.18500000000000000      -0.64324337499999995     
  0.19000000000000000      -0.58584099999999983     
  0.19500000000000001      -0.52876012500000025     
  0.20000000000000001      -0.47199999999999953     
  0.20499999999999999      -0.41555987500000047     
  0.20999999999999999      -0.35943900000000006     
  0.21500000000000000      -0.30363662500000022     
  0.22000000000000000      -0.24815200000000015     
  0.22500000000000001      -0.19298437499999999     
  0.23000000000000001      -0.13813299999999984     
  0.23499999999999999       -8.3597124999999828E-002
  0.23999999999999999       -2.9376000000000069E-002
  0.24500000000000000        2.4531124999999765E-002
  0.25000000000000000        7.8125000000000000E-002
  0.25500000000000000       0.13140637500000008     
  0.26000000000000001       0.18437599999999987     
  0.26500000000000001       0.23703462499999972     
  0.27000000000000002       0.28938299999999995     
  0.27500000000000002       0.34142187500000043     
  0.28000000000000003       0.39315200000000017     
  0.28499999999999998       0.44457412499999993     
  0.28999999999999998       0.49568899999999960     
  0.29499999999999998       0.54649737499999995     
  0.29999999999999999       0.59700000000000042     
  0.30499999999999999       0.64719762499999955     
  0.31000000000000000       0.69709099999999991     
  0.31500000000000000       0.74668087500000002     
  0.32000000000000001       0.79596800000000023     
  0.32500000000000001       0.84495312499999997     
  0.33000000000000002       0.89363700000000001     
  0.33500000000000002       0.94202037500000024     
  0.34000000000000002       0.99010400000000054     
  0.34499999999999997        1.0378886249999999     
  0.34999999999999998        1.0853749999999991     
  0.35499999999999998        1.1325638749999998     
  0.35999999999999999        1.1794560000000001     
  0.36499999999999999        1.2260521249999998     
  0.37000000000000000        1.2723529999999998     
  0.37500000000000000        1.3183593750000000     
  0.38000000000000000        1.3640720000000002     
  0.38500000000000001        1.4094916250000011     
  0.39000000000000001        1.4546189999999992     
  0.39500000000000002        1.4994548749999996     
  0.40000000000000002        1.5440000000000005     
  0.40500000000000003        1.5882551249999999     
  0.40999999999999998        1.6322209999999995     
  0.41499999999999998        1.6758983750000001     
  0.41999999999999998        1.7192879999999997     
  0.42499999999999999        1.7623906250000001     
  0.42999999999999999        1.8052069999999993     
  0.43500000000000000        1.8477378750000000     
  0.44000000000000000        1.8899840000000001     
  0.44500000000000001        1.9319461250000005     
  0.45000000000000001        1.9736250000000002     
  0.45500000000000002        2.0150213749999999     
  0.46000000000000002        2.0561360000000004     
  0.46500000000000002        2.0969696250000007     
  0.46999999999999997        2.1375229999999998     
  0.47499999999999998        2.1777968749999994     
  0.47999999999999998        2.2177919999999993     
  0.48499999999999999        2.2575091250000003     
  0.48999999999999999        2.2969489999999997     
  0.49500000000000000        2.3361123749999999     
  0.50000000000000000        2.3750000000000000     
  0.50500000000000000        2.4136126250000007     
  0.51000000000000001        2.4519510000000011     
  0.51500000000000001        2.4900158750000001     
  0.52000000000000002        2.5278080000000003     
  0.52500000000000002        2.5653281250000006     
  0.53000000000000003        2.6025770000000001     
  0.53500000000000003        2.6395553750000005     
  0.54000000000000004        2.6762639999999998     
  0.54500000000000004        2.7127036250000005     
  0.55000000000000004        2.7488750000000008     
  0.55500000000000005        2.7847788750000007     
  0.56000000000000005        2.8204160000000007     
  0.56499999999999995        2.8557871249999991     
  0.56999999999999995        2.8908930000000002     
  0.57499999999999996        2.9257343749999993     
  0.57999999999999996        2.9603119999999992     
  0.58499999999999996        2.9946266250000004     
  0.58999999999999997        3.0286790000000003     
  0.59499999999999997        3.0624698749999997     
  0.59999999999999998        3.0960000000000001     
  0.60499999999999998        3.1292701249999988     
  0.60999999999999999        3.1622809999999992     
  0.61499999999999999        3.1950333749999995     
  0.62000000000000000        3.2275279999999995     
  0.62500000000000000        3.2597656250000000     
  0.63000000000000000        3.2917470000000000     
  0.63500000000000001        3.3234728750000002     
  0.64000000000000001        3.3549440000000015     
  0.64500000000000002        3.3861611250000010     
  0.65000000000000002        3.4171249999999986     
  0.65500000000000003        3.4478363749999996     
  0.66000000000000003        3.4782960000000003     
  0.66500000000000004        3.5085046250000005     
  0.67000000000000004        3.5384630000000001     
  0.67500000000000004        3.5681718750000009     
  0.68000000000000005        3.5976320000000008     
  0.68500000000000005        3.6268441249999999     
  0.68999999999999995        3.6558090000000005     
  0.69499999999999995        3.6845273749999992     
  0.69999999999999996        3.7129999999999992     
  0.70499999999999996        3.7412276249999996     
  0.70999999999999996        3.7692110000000003     
  0.71499999999999997        3.7969508750000003     
  0.71999999999999997        3.8244480000000003     
  0.72499999999999998        3.8517031250000002     
  0.72999999999999998        3.8787169999999991     
  0.73499999999999999        3.9054903749999994     
  0.73999999999999999        3.9320240000000002     
  0.74500000000000000        3.9583186250000004     
  0.75000000000000000        3.9843750000000000     
  0.75500000000000000        4.0101938750000006     
  0.76000000000000001        4.0357760000000011     
  0.76500000000000001        4.0611221250000007     
  0.77000000000000002        4.0862330000000018     
  0.77500000000000002        4.1111093749999990     
  0.78000000000000003        4.1357519999999992     
  0.78500000000000003        4.1601616250000006     
  0.79000000000000004        4.1843389999999996     
  0.79500000000000004        4.2082848750000004     
  0.80000000000000004        4.2320000000000011     
  0.80500000000000005        4.2554851250000016     
  0.81000000000000005        4.2787409999999992     
  0.81499999999999995        4.3017683750000009     
  0.81999999999999995        4.3245679999999993     
  0.82499999999999996        4.3471406249999998     
  0.82999999999999996        4.3694869999999995     
  0.83499999999999996        4.3916078749999992     
  0.83999999999999997        4.4135039999999996     
  0.84499999999999997        4.4351761249999999     
  0.84999999999999998        4.4566250000000007     
  0.85499999999999998        4.4778513749999993     
  0.85999999999999999        4.4988560000000000     
  0.86499999999999999        4.5196396249999991     
  0.87000000000000000        4.5402030000000000     
  0.87500000000000000        4.5605468750000000     
  0.88000000000000000        4.5806720000000007     
  0.88500000000000001        4.6005791250000003     
  0.89000000000000001        4.6202690000000004     
  0.89500000000000002        4.6397423750000009     
  0.90000000000000002        4.6589999999999998     
  0.90500000000000003        4.6780426249999998     
  0.91000000000000003        4.6968709999999998     
  0.91500000000000004        4.7154858749999997     
  0.92000000000000004        4.7338880000000003     
  0.92500000000000004        4.7520781250000006     
  0.93000000000000005        4.7700570000000013     
  0.93500000000000005        4.7878253749999988     
  0.93999999999999995        4.8053840000000001     
  0.94499999999999995        4.8227336249999988     
  0.94999999999999996        4.8398749999999993     
  0.95499999999999996        4.8568088749999996     
  0.95999999999999996        4.8735359999999996     
  0.96499999999999997        4.8900571249999993     
  0.96999999999999997        4.9063730000000003     
  0.97499999999999998        4.9224843750000007     
  0.97999999999999998        4.9383919999999994     
  0.98499999999999999        4.9540966249999991     
  0.98999999999999999        4.9695989999999997     
  0.99500000000000000        4.9848998750000000     
   1.0000000000000000        5.0000000000000000     
   1.0049999999999999        5.0149001250000005     
   1.0100000000000000        5.0296009999999995     
   1.0149999999999999        5.0441033750000006     
   1.0200000000000000        5.0584080000000000     
   1.0249999999999999        5.0725156249999976     
   1.0300000000000000        5.0864270000000005     
   1.0349999999999999        5.1001428749999995     
   1.0400000000000000        5.1136640000000000     
   1.0449999999999999        5.1269911250000000     
   1.0500000000000000        5.1401250000000012     
   1.0549999999999999        5.1530663749999999     
   1.0600000000000001        5.1658159999999995     
   1.0649999999999999        5.1783746250000000     
   1.0700000000000001        5.1907430000000012     
   1.0750000000000000        5.2029218750000013     
   1.0800000000000001        5.2149120000000000     
   1.0850000000000000        5.2267141250000009     
   1.0900000000000001        5.2383290000000002     
   1.0950000000000000        5.2497573750000015     
   1.1000000000000001        5.2610000000000028     
   1.1050000000000000        5.2720576249999986     
   1.1100000000000001        5.2829310000000014     
   1.1150000000000000        5.2936208750000002     
   1.1200000000000001        5.3041280000000004     
   1.1250000000000000        5.3144531250000000     
   1.1299999999999999        5.3245970000000007     
   1.1350000000000000        5.3345603750000024     
   1.1399999999999999        5.3443439999999995     
   1.1450000000000000        5.3539486250000010     
   1.1499999999999999        5.3633749999999978     
   1.1550000000000000        5.3726238750000022     
   1.1599999999999999        5.3816959999999980     
   1.1650000000000000        5.3905921250000013     
   1.1699999999999999        5.3993129999999994     
   1.1750000000000000        5.4078593749999975     
   1.1799999999999999        5.4162320000000008     
   1.1850000000000001        5.4244316250000004     
   1.1899999999999999        5.4324590000000015     
   1.1950000000000001        5.4403148750000003     
   1.2000000000000000        5.4480000000000004     
   1.2050000000000001        5.4555151250000016     
   1.2100000000000000        5.4628609999999984     
   1.2150000000000001        5.4700383749999997     
   1.2200000000000000        5.4770479999999999     
   1.2250000000000001        5.4838906249999990     
   1.2300000000000000        5.4905669999999986     
   1.2350000000000001        5.4970778750000022     
   1.2400000000000000        5.5034239999999990     
   1.2450000000000001        5.5096061249999977     
   1.2500000000000000        5.5156250000000000     
   1.2549999999999999        5.5214813750000022     
   1.2600000000000000        5.5271760000000008     
   1.2649999999999999        5.5327096249999990     
   1.2700000000000000        5.5380830000000003     
   1.2749999999999999        5.5432968749999976     
   1.2800000000000000        5.5483520000000013     
   1.2849999999999999        5.5532491250000007     
   1.2900000000000000        5.5579890000000010     
   1.2949999999999999        5.5625723750000002     
   1.3000000000000000        5.5669999999999984     
   1.3049999999999999        5.5712726250000006     
   1.3100000000000001        5.5753909999999998     
   1.3149999999999999        5.5793558750000010     
   1.3200000000000001        5.5831679999999988     
   1.3250000000000000        5.5868281250000003     
   1.3300000000000001        5.5903369999999999     
   1.3350000000000000        5.5936953749999994     
   1.3400000000000001        5.5969040000000003     
   1.3450000000000000        5.5999636249999991     
   1.3500000000000001        5.6028750000000009     
   1.3550000000000000        5.6056388749999986     
   1.3600000000000001        5.6082560000000008     
   1.3650000000000000        5.6107271250000004     
   1.3700000000000001        5.6130529999999990     
   1.3750000000000000        5.6152343750000000     
   1.3799999999999999        5.6172720000000016     
   1.3850000000000000        5.6191666250000001     
   1.3899999999999999        5.6209189999999989     
   1.3950000000000000        5.6225298750000015     
   1.3999999999999999        5.6239999999999988     
   1.4050000000000000        5.6253301250000014     
   1.4099999999999999        5.6265209999999986     
   1.4150000000000000        5.6275733750000008     
   1.4199999999999999        5.6284880000000008     
   1.4250000000000000        5.6292656249999986     
   1.4299999999999999        5.6299070000000011     
   1.4350000000000001        5.6304128749999993     
   1.4399999999999999        5.6307840000000002     
   1.4450000000000001        5.6310211250000002     
   1.4500000000000000        5.6311249999999990     
   1.4550000000000001        5.6310963749999985     
   1.4600000000000000        5.6309359999999984     
   1.4650000000000001        5.6306446250000022     
   1.4700000000000000        5.6302229999999991     
   1.4750000000000001        5.6296718750000014     
   1.4800000000000000        5.6289920000000002     
   1.4850000000000001        5.6281841250000006     
   1.4900000000000000        5.6272489999999991     
   1.4950000000000001        5.6261873749999989     
   1.5000000000000000        5.6250000000000000     
   1.5049999999999999        5.6236876250000023     
   1.5100000000000000        5.6222510000000021     
   1.5149999999999999        5.6206908749999975     
   1.5200000000000000        5.6190080000000027     
   1.5249999999999999        5.6172031249999996     
   1.5300000000000000        5.6152770000000025     
   1.5349999999999999        5.6132303749999970     
   1.5400000000000000        5.6110640000000043     
   1.5449999999999999        5.6087786249999994     
   1.5500000000000000        5.6063749999999963     
   1.5549999999999999        5.6038538750000022     
   1.5600000000000001        5.6012159999999973     
   1.5649999999999999        5.5984621250000011     
   1.5700000000000001        5.5955930000000009     
   1.5750000000000000        5.5926093750000021     
   1.5800000000000001        5.5895119999999991     
   1.5850000000000000        5.5863016249999990     
   1.5900000000000001        5.5829790000000017     
   1.5950000000000000        5.5795448749999998     
   1.6000000000000001        5.5760000000000005     
   1.6050000000000000        5.5723451250000000     
   1.6100000000000001        5.5685810000000036     
   1.6150000000000000        5.5647083750000004     
   1.6200000000000001        5.5607279999999975     
   1.6250000000000000        5.5566406250000000     
   1.6299999999999999        5.5524470000000008     
   1.6350000000000000        5.5481478749999997     
   1.6399999999999999        5.5437439999999985     
   1.6450000000000000        5.5392361250000022     
   1.6499999999999999        5.5346250000000001     
   1.6550000000000000        5.5299113750000011     
   1.6599999999999999        5.5250960000000013     
   1.6650000000000000        5.5201796250000008     
   1.6699999999999999        5.5151629999999976     
   1.6750000000000000        5.5100468749999987     
   1.6799999999999999        5.5048320000000004     
   1.6850000000000001        5.4995191249999973     
   1.6899999999999999        5.4941089999999999     
   1.6950000000000001        5.4886023749999993     
   1.7000000000000000        5.4830000000000041     
   1.7050000000000001        5.4773026250000001     
   1.7100000000000000        5.4715109999999996     
   1.7150000000000001        5.4656258750000006     
   1.7200000000000000        5.4596480000000014     
   1.7250000000000001        5.4535781249999999     
   1.7300000000000000        5.4474169999999980     
   1.7350000000000001        5.4411653750000006     
   1.7400000000000000        5.4348239999999990     
   1.7450000000000001        5.4283936249999982     
   1.7500000000000000        5.4218750000000000     
   1.7549999999999999        5.4152688750000024     
   1.7600000000000000        5.4085760000000001     
   1.7649999999999999        5.4017971249999981     
   1.7700000000000000        5.3949329999999982     
   1.7749999999999999        5.3879843749999985     
   1.7800000000000000        5.3809520000000006     
   1.7849999999999999        5.3738366249999991     
   1.7900000000000000        5.3666390000000028     
   1.7949999999999999        5.3593598749999991     
   1.8000000000000000        5.3520000000000003     
   1.8049999999999999        5.3445601249999974     
   1.8100000000000001        5.3370409999999993     
   1.8149999999999999        5.3294433750000003     
   1.8200000000000001        5.3217679999999987     
   1.8250000000000000        5.3140156250000032     
   1.8300000000000001        5.3061869999999978     
   1.8350000000000000        5.2982828749999982     
   1.8400000000000001        5.2903040000000026     
   1.8450000000000000        5.2822511250000019     
   1.8500000000000001        5.2741250000000015     
   1.8550000000000000        5.2659263749999994     
   1.8600000000000001        5.2576560000000008     
   1.8650000000000000        5.2493146250000002     
   1.8700000000000001        5.2409029999999959     
   1.8750000000000000        5.2324218750000000     
   1.8799999999999999        5.2238720000000001     
   1.8850000000000000        5.2152541250000013     
   1.8899999999999999        5.2065689999999982     
   1.8950000000000000        5.1978173750000032     
   1.8999999999999999        5.1889999999999965     
   1.9050000000000000        5.1801176250000012     
   1.9099999999999999        5.1711709999999975     
   1.9150000000000000        5.1621608750000050     
   1.9199999999999999        5.1530880000000003     
   1.9250000000000000        5.1439531249999995     
   1.9299999999999999        5.1347569999999969     
   1.9350000000000001        5.1255003749999979     
   1.9399999999999999        5.1161840000000005     
   1.9450000000000001        5.1068086250000029     
   1.9500000000000000        5.0973749999999995     
   1.9550000000000001        5.0878838749999993     
   1.9600000000000000        5.0783360000000002     
   1.9650000000000001        5.0687321250000004     
   1.9700000000000000        5.0590729999999979     
   1.9750000000000001        5.0493593750000016     
   1.9800000000000000        5.0395919999999990     
   1.9850000000000001        5.0297716250000022     
   1.9900000000000000        5.0198989999999988     
   1.9950000000000001        5.0099748749999975     
   2.0000000000000000        5.0000000000000000     
   2.0049999999999999        4.9899751250000008     
   2.0099999999999998        4.9799010000000017     
   2.0150000000000001        4.9697783749999971     
   2.0200000000000000        4.9596080000000029     
   2.0249999999999999        4.9493906249999959     
   2.0299999999999998        4.9391270000000027     
   2.0350000000000001        4.9288178750000000     
   2.0400000000000000        4.9184640000000002     
   2.0449999999999999        4.9080661250000013     
   2.0499999999999998        4.8976249999999979     
   2.0550000000000002        4.8871413749999988     
   2.0600000000000001        4.8766160000000021     
   2.0649999999999999        4.8660496249999987     
   2.0699999999999998        4.8554430000000011     
   2.0750000000000002        4.8447968750000001     
   2.0800000000000001        4.8341119999999975     
   2.0850000000000000        4.8233891249999985     
   2.0899999999999999        4.8126290000000012     
   2.0950000000000002        4.8018323749999965     
   2.1000000000000001        4.7910000000000004     
   2.1050000000000000        4.7801326249999967     
   2.1099999999999999        4.7692310000000013     
   2.1150000000000002        4.7582958749999982     
   2.1200000000000001        4.7473279999999960     
   2.1250000000000000        4.7363281250000000     
   2.1299999999999999        4.7252970000000047     
   2.1349999999999998        4.7142353749999977     
   2.1400000000000001        4.7031440000000018     
   2.1450000000000000        4.6920236250000009     
   2.1499999999999999        4.6808750000000039     
   2.1549999999999998        4.6696988750000017     
   2.1600000000000001        4.6584959999999995     
   2.1650000000000000        4.6472671250000026     
   2.1699999999999999        4.6360130000000019     
   2.1749999999999998        4.6247343749999956     
   2.1800000000000002        4.6134320000000031     
   2.1850000000000001        4.6021066250000011     
   2.1899999999999999        4.5907590000000020     
   2.1949999999999998        4.5793898749999968     
   2.2000000000000002        4.5680000000000049     
   2.2050000000000001        4.5565901250000032     
   2.2100000000000000        4.5451610000000002     
   2.2149999999999999        4.5337133750000014     
   2.2200000000000002        4.5222480000000012     
   2.2250000000000001        4.5107656250000012     
   2.2300000000000000        4.4992670000000032     
   2.2349999999999999        4.4877528749999982     
   2.2400000000000002        4.4762240000000020     
   2.2450000000000001        4.4646811249999949     
   2.2500000000000000        4.4531250000000000     
   2.2549999999999999        4.4415563750000011     
   2.2599999999999998        4.4299759999999999     
   2.2650000000000001        4.4183846250000016     
   2.2700000000000000        4.4067830000000043     
   2.2749999999999999        4.3951718749999991     
   2.2799999999999998        4.3835519999999981     
   2.2850000000000001        4.3719241250000067     
   2.2900000000000000        4.3602890000000016     
   2.2949999999999999        4.3486473749999952     
   2.2999999999999998        4.3369999999999962     
   2.3050000000000002        4.3253476250000062     
   2.3100000000000001        4.3136910000000057     
   2.3149999999999999        4.3020308749999998     
   2.3199999999999998        4.2903679999999937     
   2.3250000000000002        4.2787031250000034     
   2.3300000000000001        4.2670370000000020     
   2.3350000000000000        4.2553703749999983     
   2.3399999999999999        4.2437040000000010     
   2.3450000000000002        4.2320386250000084     
   2.3500000000000001        4.2203749999999971     
   2.3550000000000000        4.2087138749999973     
   2.3599999999999999        4.1970560000000035     
   2.3650000000000002        4.1854021249999960     
   2.3700000000000001        4.1737529999999978     
   2.3750000000000000        4.1621093750000000     
   2.3799999999999999        4.1504720000000006     
   2.3849999999999998        4.1388416250000049     
   2.3900000000000001        4.1272189999999966     
   2.3950000000000000        4.1156048750000025     
   2.3999999999999999        4.1039999999999992     
   2.4049999999999998        4.0924051249999991     
   2.4100000000000001        4.0808210000000038     
   2.4150000000000000        4.0692483750000008     
   2.4199999999999999        4.0576879999999989     
   2.4249999999999998        4.0461406249999996     
   2.4300000000000002        4.0346070000000012     
   2.4350000000000001        4.0230878750000016     
   2.4399999999999999        4.0115839999999992     
   2.4449999999999998        4.0000961250000060     
   2.4500000000000002        3.9886249999999954     
   2.4550000000000001        3.9771713750000046     
   2.4600000000000000        3.9657359999999997     
   2.4649999999999999        3.9543196250000037     
   2.4700000000000002        3.9429230000000040     
   2.4750000000000001        3.9315468749999951     
   2.4800000000000000        3.9201919999999930     
   2.4849999999999999        3.9088591249999993     
   2.4900000000000002        3.8975489999999944     
   2.4950000000000001        3.8862623750000012     
   2.5000000000000000        3.8750000000000000     
   2.5049999999999999        3.8637626249999997     
   2.5099999999999998        3.8525510000000054     
   2.5150000000000001        3.8413658750000010     
   2.5200000000000000        3.8302079999999989     
   2.5249999999999999        3.8190781250000043     
   2.5299999999999998        3.8079769999999975     
   2.5350000000000001        3.7969053750000015     
   2.5400000000000000        3.7858640000000001     
   2.5449999999999999        3.7748536249999951     
   2.5499999999999998        3.7638749999999952     
   2.5550000000000002        3.7529288750000021     
   2.5600000000000001        3.7420160000000067     
   2.5649999999999999        3.7311371249999965     
   2.5699999999999998        3.7202930000000016     
   2.5750000000000002        3.7094843750000024     
   2.5800000000000001        3.6987120000000004     
   2.5850000000000000        3.6879766250000010     
   2.5899999999999999        3.6772790000000022     
   2.5950000000000002        3.6666198750000056     
   2.6000000000000001        3.6559999999999953     
   2.6050000000000000        3.6454201250000047     
   2.6099999999999999        3.6348810000000036     
   2.6150000000000002        3.6243833749999936     
   2.6200000000000001        3.6139280000000014     
   2.6250000000000000        3.6035156250000000     
   2.6299999999999999        3.5931470000000019     
   2.6349999999999998        3.5828228750000015     
   2.6400000000000001        3.5725439999999971     
   2.6450000000000000        3.5623111250000008     
   2.6499999999999999        3.5521250000000002     
   2.6549999999999998        3.5419863750000005     
   2.6600000000000001        3.5318959999999997     
   2.6650000000000000        3.5218546249999996     
   2.6699999999999999        3.5118629999999982     
   2.6749999999999998        3.5019218750000007     
   2.6800000000000002        3.4920319999999982     
   2.6850000000000001        3.4821941250000066     
   2.6899999999999999        3.4724089999999990     
   2.6949999999999998        3.4626773750000019     
   2.7000000000000002        3.4529999999999994     
   2.7050000000000001        3.4433776250000072     
   2.7100000000000000        3.4338109999999951     
   2.7149999999999999        3.4243008749999966     
   2.7200000000000002        3.4148480000000028     
   2.7250000000000001        3.4054531249999940     
   2.7300000000000000        3.3961170000000003     
   2.7349999999999999        3.3868403750000020     
   2.7400000000000002        3.3776240000000008     
   2.7450000000000001        3.3684686249999984     
   2.7500000000000000        3.3593750000000000     
   2.7549999999999999        3.3503438750000001     
   2.7599999999999998        3.3413760000000039     
   2.7650000000000001        3.3324721250000024     
   2.7700000000000000        3.3236330000000009     
   2.7749999999999999        3.3148593750000046     
   2.7799999999999998        3.3061520000000044     
   2.7850000000000001        3.2975116250000056     
   2.7900000000000000        3.2889389999999992     
   2.7949999999999999        3.2804348749999974     
   2.7999999999999998        3.2719999999999985     
   2.8050000000000002        3.2636351250000004     
   2.8100000000000001        3.2553410000000014     
   2.8149999999999999        3.2471183749999994     
   2.8199999999999998        3.2389679999999927     
   2.8250000000000002        3.2308906250000078     
   2.8300000000000001        3.2228870000000001     
   2.8350000000000000        3.2149578749999961     
   2.8399999999999999        3.2071040000000011     
   2.8450000000000002        3.1993261250000060     
   2.8500000000000001        3.1916249999999948     
   2.8550000000000000        3.1840013750000011     
   2.8599999999999999        3.1764560000000088     
   2.8650000000000002        3.1689896249999947     
   2.8700000000000001        3.1616029999999924     
   2.8750000000000000        3.1542968750000000     
   2.8799999999999999        3.1470720000000014     
   2.8849999999999998        3.1399291250000090     
   2.8900000000000001        3.1328690000000066     
   2.8950000000000000        3.1258923750000065     
   2.8999999999999999        3.1189999999999927     
   2.9049999999999998        3.1121926249999987     
   2.9100000000000001        3.1054709999999943     
   2.9150000000000000        3.0988358750000060     
   2.9199999999999999        3.0922879999999964     
   2.9249999999999998        3.0858281249999990     
   2.9300000000000002        3.0794570000000050     
   2.9350000000000001        3.0731753750000053     
   2.9399999999999999        3.0669839999999979     
   2.9449999999999998        3.0608836249999953     
   2.9500000000000002        3.0548750000000027     
   2.9550000000000001        3.0489588750000038     
   2.9600000000000000        3.0431360000000041     
   2.9649999999999999        3.0374071249999943     
   2.9700000000000002        3.0317730000000012     
   2.9750000000000001        3.0262343749999943     
   2.9800000000000000        3.0207920000000001     
   2.9849999999999999        3.0154466250000027     
   2.9900000000000002        3.0101990000000001     
   2.9950000000000001        3.0050498749999903     
   3.0000000000000000        3.0000000000000000     
   3.0049999999999999        2.9950501249999988     
   3.0099999999999998        2.9902010000000061     
   3.0150000000000001        2.9854533750000058     
   3.0200000000000000        2.9808080000000032     
   3.0249999999999999        2.9762656250000035     
   3.0299999999999998        2.9718269999999904     
   3.0350000000000001        2.9674928749999978     
   3.0400000000000000        2.9632640000000094     
   3.0449999999999999        2.9591411250000021     
   3.0499999999999998        2.9551249999999953     
   3.0550000000000002        2.9512163750000084     
   3.0600000000000001        2.9474160000000111     
   3.0649999999999999        2.9437246250000015     
   3.0699999999999998        2.9401429999999920     
   3.0750000000000002        2.9366718749999947     
   3.0800000000000001        2.9333120000000150     
   3.0850000000000000        2.9300641249999941     
   3.0899999999999999        2.9269290000000012     
   3.0950000000000002        2.9239073750000060     
   3.1000000000000001        2.9209999999999923     
   3.1050000000000000        2.9182076250000009     
   3.1099999999999999        2.9155310000000085     
   3.1150000000000002        2.9129708749999992     
   3.1200000000000001        2.9105279999999922     
   3.1250000000000000        2.9082031250000000     
   3.1299999999999999        2.9059969999999993     
   3.1349999999999998        2.9039103750000095     
   3.1400000000000001        2.9019440000000003     
   3.1450000000000000        2.9000986249999983     
   3.1499999999999999        2.8983750000000015     
   3.1549999999999998        2.8967738750000009     
   3.1600000000000001        2.8952960000000019     
   3.1650000000000000        2.8939421249999953     
   3.1699999999999999        2.8927130000000005     
   3.1749999999999998        2.8916093749999945     
   3.1800000000000002        2.8906320000000107     
   3.1850000000000001        2.8897816250000048     
   3.1899999999999999        2.8890590000000032     
   3.1949999999999998        2.8884648749999897     
   3.2000000000000002        2.8880000000000052     
   3.2050000000000001        2.8876651249999981     
   3.2100000000000000        2.8874610000000018     
   3.2149999999999999        2.8873883750000005     
   3.2200000000000002        2.8874480000000133     
   3.2250000000000001        2.8876406250000031     
   3.2300000000000000        2.8879670000000033     
   3.2349999999999999        2.8884278750000121     
   3.2400000000000002        2.8890239999999991     
   3.2450000000000001        2.8897561249999981     
   3.2500000000000000        2.8906250000000000     
   3.2549999999999999        2.8916313749999958     
   3.2599999999999998        2.8927760000000049     
   3.2650000000000001        2.8940596249999970     
   3.2700000000000000        2.8954829999999987     
   3.2749999999999999        2.8970468750000009     
   3.2799999999999998        2.8987519999999947     
   3.2850000000000001        2.9005991249999994     
   3.2900000000000000        2.9025890000000061     
   3.2949999999999999        2.9047223749999844     
   3.2999999999999998        2.9070000000000036     
   3.3050000000000002        2.9094226249999977     
   3.3100000000000001        2.9119910000000075     
   3.3149999999999999        2.9147058750000028     
   3.3199999999999998        2.9175680000000028     
   3.3250000000000002        2.9205781250000058     
   3.3300000000000001        2.9237369999999956     
   3.3350000000000000        2.9270453749999987     
   3.3399999999999999        2.9305039999999920     
   3.3450000000000002        2.9341136250000019     
   3.3500000000000001        2.9378749999999982     
   3.3550000000000000        2.9417888749999932     
   3.3599999999999999        2.9458559999999991     
   3.3650000000000002        2.9500771250000071     
   3.3700000000000001        2.9544529999999938     
   3.3750000000000000        2.9589843750000000     
   3.3799999999999999        2.9636719999999954     
   3.3849999999999998        2.9685166249999995     
   3.3900000000000001        2.9735189999999960     
   3.3950000000000000        2.9786798750000045     
   3.3999999999999999        2.9840000000000089     
   3.4049999999999998        2.9894801250000000     
   3.4100000000000001        2.9951209999999975     
   3.4150000000000000        3.0009233750000135     
   3.4199999999999999        3.0068879999999965     
   3.4249999999999998        3.0130156250000084     
   3.4300000000000002        3.0193069999999977     
   3.4350000000000001        3.0257628750000123     
   3.4399999999999999        3.0323840000000075     
   3.4449999999999998        3.0391711250000029     
   3.4500000000000002        3.0461250000000035     
   3.4550000000000001        3.0532463750000076     
   3.4600000000000000        3.0605359999999919     
   3.4649999999999999        3.0679946250000043     
   3.4700000000000002        3.0756230000000002     
   3.4750000000000001        3.0834218749999991     
   3.4800000000000000        3.0913919999999990     
   3.4849999999999999        3.0995341249999910     
   3.4900000000000002        3.1078489999999945     
   3.4950000000000001        3.1163373749999934     
   3.5000000000000000        3.1250000000000000     
   3.5049999999999999        3.1338376250000053     
   3.5099999999999998        3.1428510000000003     
   3.5150000000000001        3.1520408750000044     
   3.5200000000000000        3.1614080000000016     
   3.5249999999999999        3.1709531249999969     
   3.5299999999999998        3.1806769999999958     
   3.5350000000000001        3.1905803749999961     
   3.5400000000000000        3.2006639999999962     
   3.5449999999999999        3.2109286250000011     
   3.5499999999999998        3.2213749999999877     
   3.5550000000000002        3.2320038750000037     
   3.5600000000000001        3.2428159999999977     
   3.5649999999999999        3.2538121249999961     
   3.5699999999999998        3.2649929999999969     
   3.5750000000000002        3.2763593750000055     
   3.5800000000000001        3.2879120000000057     
   3.5850000000000000        3.2996516250000099     
   3.5899999999999999        3.3115789999999947     
   3.5950000000000002        3.3236948750000010     
   3.6000000000000001        3.3360000000000056     
   3.6050000000000000        3.3484951250000066     
   3.6099999999999999        3.3611809999999949     
   3.6150000000000002        3.3740583749999900     
   3.6200000000000001        3.3871279999999970     
   3.6250000000000000        3.4003906250000000     
   3.6299999999999999        3.4138470000000041     
   3.6349999999999998        3.4274978750000002     
   3.6400000000000001        3.4413440000000008     
   3.6450000000000000        3.4553861249999969     
   3.6499999999999999        3.4696250000000077     
   3.6549999999999998        3.4840613749999960     
   3.6600000000000001        3.4986959999999954     
   3.6650000000000000        3.5135296250000039     
   3.6699999999999999        3.5285629999999983     
   3.6749999999999998        3.5437968749999982     
   3.6800000000000002        3.5592320000000015     
   3.6850000000000001        3.5748691250000064     
   3.6899999999999999        3.5907090000000039     
   3.6949999999999998        3.6067523749999992     
   3.7000000000000002        3.6229999999999976     
   3.7050000000000001        3.6394526249999970     
   3.7100000000000000        3.6561110000000028     
   3.7149999999999999        3.6729758750000059     
   3.7200000000000002        3.6900480000000044     
   3.7250000000000001        3.7073281249999965     
   3.7300000000000000        3.7248170000000016     
   3.7349999999999999        3.7425153750000035     
   3.7400000000000002        3.7604239999999933     
   3.7450000000000001        3.7785436249999975     
   3.7500000000000000        3.7968750000000000     
   3.7549999999999999        3.8154188750000060     
   3.7599999999999998        3.8341759999999923     
   3.7650000000000001        3.8531471249999925     
   3.7700000000000000        3.8723330000000118     
   3.7749999999999999        3.8917343749999986     
   3.7799999999999998        3.9113519999999937     
   3.7850000000000001        3.9311866249999952     
   3.7900000000000000        3.9512390000000082     
   3.7949999999999999        3.9715098749999882     
   3.7999999999999998        3.9919999999999902     
   3.8050000000000002        4.0127101250000052     
   3.8100000000000001        4.0336410000000029     
   3.8149999999999999        4.0547933750000027     
   3.8199999999999998        4.0761679999999956     
   3.8250000000000002        4.0977656250000081     
   3.8300000000000001        4.1195870000000099     
   3.8350000000000000        4.1416328749999920     
   3.8399999999999999        4.1639039999999952     
   3.8450000000000002        4.1864011250000033     
   3.8500000000000001        4.2091250000000002     
   3.8550000000000000        4.2320763749999983     
   3.8599999999999999        4.2552559999999886     
   3.8650000000000002        4.2786646250000047     
   3.8700000000000001        4.3023030000000020     
   3.8750000000000000        4.3261718750000000     
   3.8799999999999999        4.3502720000000039     
   3.8849999999999998        4.3746041250000047     
   3.8900000000000001        4.3991690000000077     
   3.8950000000000000        4.4239673750000037     
   3.8999999999999999        4.4489999999999981     
   3.9049999999999998        4.4742676250000031     
   3.9100000000000001        4.4997709999999955     
   3.9150000000000000        4.5255108750000019     
   3.9199999999999999        4.5514879999999991     
   3.9249999999999998        4.5777031249999993     
   3.9300000000000002        4.6041570000000078     
   3.9350000000000001        4.6308503749999943     
   3.9399999999999999        4.6577839999999995     
   3.9449999999999998        4.6849586250000002     
   3.9500000000000002        4.7123750000000086     
   3.9550000000000001        4.7400338750000088     
   3.9600000000000000        4.7679359999999988     
   3.9649999999999999        4.7960821250000052     
   3.9700000000000002        4.8244730000000118     
   3.9750000000000001        4.8531093749999954     
   3.9800000000000000        4.8819919999999968     
   3.9849999999999999        4.9111216249999927     
   3.9900000000000002        4.9404990000000026     
   3.9950000000000001        4.9701248749999962     
   4.0000000000000000        5.0000000000000000     
   4.0049999999999999        5.0301251250000050     
   4.0099999999999998        5.0605010000000021     
   4.0149999999999997        5.0911283749999967     
   4.0199999999999996        5.1220080000000010     
   4.0250000000000004        5.1531406250000060     
   4.0300000000000002        5.1845270000000028     
   4.0350000000000001        5.2161678750000036     
   4.0400000000000000        5.2480639999999994     
   4.0449999999999999        5.2802161249999955     
   4.0499999999999998        5.3126249999999899     
   4.0549999999999997        5.3452913750000022     
   4.0599999999999996        5.3782160000000019     
   4.0650000000000004        5.4113996249999943     
   4.0700000000000003        5.4448429999999917     
   4.0750000000000002        5.4785468750000135     
   4.0800000000000001        5.5125120000000010     
   4.0850000000000000        5.5467391250000020     
   4.0899999999999999        5.5812290000000004     
   4.0949999999999998        5.6159823750000015     
   4.0999999999999996        5.6509999999999962     
   4.1050000000000004        5.6862826250000111     
   4.1100000000000003        5.7218309999999946     
   4.1150000000000002        5.7576458749999944     
   4.1200000000000001        5.7937280000000086     
   4.1250000000000000        5.8300781250000000     
   4.1299999999999999        5.8666969999999949     
   4.1349999999999998        5.9035853750000058     
   4.1399999999999997        5.9407439999999951     
   4.1449999999999996        5.9781736250000037     
   4.1500000000000004        6.0158749999999941     
   4.1550000000000002        6.0538488749999999     
   4.1600000000000001        6.0920959999999909     
   4.1650000000000000        6.1306171250000006     
   4.1699999999999999        6.1694130000000058     
   4.1749999999999998        6.2084843749999905     
   4.1799999999999997        6.2478320000000025     
   4.1849999999999996        6.2874566249999972     
   4.1900000000000004        6.3273589999999942     
   4.1950000000000003        6.3675398750000056     
   4.2000000000000002        6.4080000000000084     
   4.2050000000000001        6.4487401250000005     
   4.2100000000000000        6.4897609999999872     
   4.2149999999999999        6.5310633749999951     
   4.2199999999999998        6.5726480000000009     
   4.2249999999999996        6.6145156249999957     
   4.2300000000000004        6.6566669999999917     
   4.2350000000000003        6.6991028750000083     
   4.2400000000000002        6.7418239999999940     
   4.2450000000000001        6.7848311250000037     
   4.2500000000000000        6.8281250000000000     
   4.2549999999999999        6.8717063750000094     
   4.2599999999999998        6.9155760000000015     
   4.2649999999999997        6.9597346249999958     
   4.2699999999999996        7.0041829999999905     
   4.2750000000000004        7.0489218750000191     
   4.2800000000000002        7.0939520000000016     
   4.2850000000000001        7.1392741249999929     
   4.2900000000000000        7.1848889999999983     
   4.2949999999999999        7.2307973749999945     
   4.2999999999999998        7.2770000000000081     
   4.3049999999999997        7.3234976250000017     
   4.3099999999999996        7.3702910000000017     
   4.3150000000000004        7.4173808749999992     
   4.3200000000000003        7.4647679999999923     
   4.3250000000000002        7.5124531250000004     
   4.3300000000000001        7.5604370000000074     
   4.3350000000000000        7.6087203750000043     
   4.3399999999999999        7.6573040000000034     
   4.3449999999999998        7.7061886250000100     
   4.3499999999999996        7.7553749999999866     
   4.3550000000000004        7.8048638750000023     
   4.3600000000000003        7.8546560000000056     
   4.3650000000000002        7.9047521250000017     
   4.3700000000000001        7.9551530000000028     
   4.3750000000000000        8.0058593750000000     
   4.3799999999999999        8.0568720000000056     
   4.3849999999999998        8.1081916250000177     
   4.3899999999999997        8.1598189999999846     
   4.3949999999999996        8.2117548749999898     
   4.4000000000000004        8.2640000000000242     
   4.4050000000000002        8.3165551249999936     
   4.4100000000000001        8.3694210000000098     
   4.4150000000000000        8.4225983749999926     
   4.4199999999999999        8.4760880000000043     
   4.4249999999999998        8.5298906250000002     
   4.4299999999999997        8.5840069999999997     
   4.4349999999999996        8.6384378749999868     
   4.4400000000000004        8.6931840000000093     
   4.4450000000000003        8.7482461249999943     
   4.4500000000000002        8.8036250000000038     
   4.4550000000000001        8.8593213750000075     
   4.4600000000000000        8.9153360000000106     
   4.4649999999999999        8.9716696249999970     
   4.4699999999999998        9.0283229999999861     
   4.4749999999999996        9.0852968749999832     
   4.4800000000000004        9.1425920000000147     
   4.4850000000000003        9.2002091250000149     
   4.4900000000000002        9.2581489999999889     
   4.4950000000000001        9.3164123749999916     
   4.5000000000000000        9.3750000000000000     
   4.5049999999999999        9.4339126250000120     
   4.5099999999999998        9.4931509999999975     
   4.5149999999999997        9.5527158749999899     
   4.5199999999999996        9.6126079999999874     
   4.5250000000000004        9.6728281250000094     
   4.5300000000000002        9.7333770000000186     
   4.5350000000000001        9.7942553749999988     
   4.5400000000000000        9.8554640000000120     
   4.5449999999999999        9.9170036249999924     
   4.5499999999999998        9.9788749999999951     
   4.5549999999999997        10.041078874999982     
   4.5599999999999996        10.103615999999995     
   4.5650000000000004        10.166487124999996     
   4.5700000000000003        10.229693000000026     
   4.5750000000000002        10.293234374999983     
   4.5800000000000001        10.357112000000015     
   4.5850000000000000        10.421326624999992     
   4.5899999999999999        10.485878999999983     
   4.5949999999999998        10.550769875000000     
   4.5999999999999996        10.615999999999985     
   4.6050000000000004        10.681570125000007     
   4.6100000000000003        10.747481000000022     
   4.6150000000000002        10.813733374999998     
   4.6200000000000001        10.880328000000020     
   4.6250000000000000        10.947265625000000     
   4.6299999999999999        11.014547000000007     
   4.6349999999999998        11.082172875000012     
   4.6399999999999997        11.150143999999983     
   4.6449999999999996        11.218461124999990     
   4.6500000000000004        11.287125000000017     
   4.6550000000000002        11.356136375000006     
   4.6600000000000001        11.425495999999995     
   4.6650000000000000        11.495204625000000     
   4.6699999999999999        11.565263000000002     
   4.6749999999999998        11.635671875000000     
   4.6799999999999997        11.706432000000007     
   4.6849999999999996        11.777544124999977     
   4.6900000000000004        11.849009000000024     
   4.6950000000000003        11.920827375000002     
   4.7000000000000002        11.992999999999995     
   4.7050000000000001        12.065527625000001     
   4.7100000000000000        12.138410999999991     
   4.7149999999999999        12.211650874999989     
   4.7199999999999998        12.285248000000010     
   4.7249999999999996        12.359203125000008     
   4.7300000000000004        12.433517000000009     
   4.7350000000000003        12.508190375000027     
   4.7400000000000002        12.583224000000001     
   4.7450000000000001        12.658618625000017     
   4.7500000000000000        12.734375000000000     
   4.7549999999999999        12.810493874999992     
   4.7599999999999998        12.886976000000004     
   4.7649999999999997        12.963822124999979     
   4.7699999999999996        13.041033000000013     
   4.7750000000000004        13.118609375000005     
   4.7800000000000002        13.196551999999997     
   4.7850000000000001        13.274861625000028     
   4.7900000000000000        13.353538999999998     
   4.7949999999999999        13.432584875000018     
   4.7999999999999998        13.512000000000000     
   4.8049999999999997        13.591785124999987     
   4.8099999999999996        13.671940999999990     
   4.8150000000000004        13.752468375000007     
   4.8200000000000003        13.833368000000021     
   4.8250000000000002        13.914640624999990     
   4.8300000000000001        13.996287000000009     
   4.8350000000000000        14.078307875000007     
   4.8399999999999999        14.160703999999996     
   4.8449999999999998        14.243476124999987     
   4.8499999999999996        14.326624999999993     
   4.8550000000000004        14.410151375000012     
   4.8600000000000003        14.494056000000000     
   4.8650000000000002        14.578339624999998     
   4.8700000000000001        14.663003000000018     
   4.8750000000000000        14.748046875000000     
   4.8799999999999999        14.833472000000000     
   4.8849999999999998        14.919279125000003     
   4.8899999999999997        15.005469000000005     
   4.8949999999999996        15.092042375000005     
   4.9000000000000004        15.178999999999988     
   4.9050000000000002        15.266342624999993     
   4.9100000000000001        15.354071000000019     
   4.9150000000000000        15.442185875000007     
   4.9199999999999999        15.530687999999998     
   4.9249999999999998        15.619578125000018     
   4.9299999999999997        15.708857000000009     
   4.9349999999999996        15.798525374999983     
   4.9400000000000004        15.888584000000023     
   4.9450000000000003        15.979033625000000     
   4.9500000000000002        16.069874999999996     
   4.9550000000000001        16.161108875000025     
   4.9600000000000000        16.252735999999985     
   4.9649999999999999        16.344757125000001     
   4.9699999999999998        16.437172999999987     
   4.9749999999999996        16.529984374999984     
   4.9800000000000004        16.623191999999989     
   4.9850000000000003        16.716796625000001     
   4.9900000000000002        16.810799000000003     
   4.9950000000000001        16.905199875000022     
   5.0000000000000000        17.000000000000000     
